7
131567
755775
458753
532887
219008
47055
679017
679449
934903
383588
519533
831152
34579
53473
529819
671300
7699
383502
66857
417580
686927
589109
930646
846357
527047
91985
654066
416093
701348
910525
762369
262512
47475
736247
328308
632781
756580
991260
365420
247094
982771
722823
753525
651665
72702
631777
884906
272771
436509
766667
477839
237827
274968
359345
166544
486626
897858
909412
60577
904856
504636
516408
319104
986864
494087
266204
90753
947977
73765
500819
384228
277144
914023
529866
464550
941191
50095
761685
770378
828003
125393
15871
688610
868442
629685
736390
725575
999683
888772
233247
306390
351094
513389
591246
846172
412173
841700
269377
415488
537425
468022
287277
178367
153754
571783
802586
33061
534570
498592
955575
748461
554708
890938
624990
842229
159803
212799
714870
130456
91010
274650
3000
414386
26882
709979
938108
239964
180936
317611
887190
652205
150368
681499
385901
387812
499853
147566
587318
845766
590241
955624
556271
148184
983526
408858
141851
565025
252183
488624
464135
961311
126059
199802
319321
629410
126740
651400
621774
803253
247897
476539
389401
203296
28381
901876
426593
142053
947700
410405
131218
885847
92194
162235
71079
365421
253114
135139
783329
455409
349602
452402
809126
931884
651792
215296
679745
909126
250181
861053
471368
506069
600528
817745
756013
462349
951581
632881
439429
824883
689136
702364
987367
954629
851461
289381
537546
514550
103457
414121
576846
876763
440137
729912
869459
715803
800900
706694
741882
19096
886230
525105
463427
65208
713583
489053
667829
682202
199599
916840
866077
890219
544070
139226
450448
989585
215580
446123
315803
514775
881702
439824
467637
806831
365240
211566
999341
153639
630630
616489
595
879
773526
727498
319249
417817
682647
680715
205308
836608
709080
828894
94570
81756
764176
629713
213900
213594
81079
388910
952374
947758
389941
269275
692324
284099
777040
784041
422554
282219
194011
11318
191867
983457
244109
819910
136485
398233
601145
176920
828541
157766
988159
257226
233651
101660
219460
634860
696164
794948
696399
753110
669671
633572
56453
598351
227058
318849
699992
117463
762742
526241
554036
588121
329740
703147
143077
161724
485434
860419
813448
556961
739163
316078
135362
528667
310808
588251
518200
430944
258901
370309
393106
446966
476003
387918
279355
78280
369825
253979
671935
676389
514052
728772
720930
944965
460801
940374
321632
460537
517261
661504
401923
605776
986724
150427
670249
343895
541832
522925
829425
14953
274271
643123
546259
918054
266673
970305
246788
844165
694180
455854
817285
22088
160785
707109
707985
436736
582552
751879
991756
695835
279574
754032
171217
4254
495802
79934
163117
903504
783168
746847
436523
6343
584918
518595
66864
544145
389819
215874
385856
627002
659201
709479
538782
280352
816115
371993
686256
310238
9349
103820
521077
776055
220734
55291
70650
160310
723926
297089
50613
477911
457264
520105
446590
150345
286006
833869
695794
577906
681317
331249
57488
987105
542515
1657
856385
29362
377635
489762
576302
739125
679485
536387
35595
122534
973574
188318
351397
614263
607748
125961
552986
954243
357005
838290
974471
259072
251584
424431
813231
898116
244641
760788
695012
451953
263679
665653
116597
209609
113701
547098
6080
176013
599494
432005
82525
687569
375394
836394
123665
973565
29641
80371
494355
769610
934240
250211
359738
769287
500067
749420
672054
681819
756940
36375
230623
221717
562728
652768
616749
371549
224851
233744
653158
165964
744271
159793
47649
662142
124973
949370
484289
621185
914230
17948
593679
722034
496693
53706
441732
519291
772118
65370
442890
977400
467846
329130
446030
743441
205387
171417
372603
939937
965068
255014
70351
123876
526456
160119
517823
105208
841765
368645
423985
327301
713707
576905
872080
758416
836786
699948
389147
935452
605738
362165
539626
455174
401782
240494
83104
421673
472486
289831
104992
216434
802199
527557
668971
863837
243805
711724
263722
382907
81023
459866
232919
795531
491453
3229
266179
664838
425286
186866
963692
134069
796034
946257
171193
606137
63817
347569
292533
509773
826022
834526
726606
329508
802265
631905
45350
41429
153349
767237
61745
519420
929359
220565
204609
89012
699848
706620
494742
261837
711731
378451
200689
232660
436194
469604
861381
977458
444619
34250
523889
31645
753343
591721
823076
329653
232130
536649
430715
403671
987547
967127
850722
867709
311675
148423
997823
639667
468180
932124
690928
815590
541656
572935
159251
945463
821518
155448
41084
343690
110044
96560
518890
22410
561610
857069
517024
674676
737340
698617
22804
192027
671142
345949
66305
140742
921324
221706
380200
586147
167350
26345
691282
762515
713856
77341
589942
925711
929907
430542
506083
831443
919443
601773
723999
519453
490927
161455
976335
574489
273312
531547
698715
667199
97454
548859
610875
668115
495236
571711
589020
441412
151250
502387
731528
31663
51628
522181
320714
35067
245197
107204
383054
551953
597303
611248
935462
772204
513264
486790
650274
697152
407629
486959
479890
710610
534318
276709
605674
280166
703527
530609
938465
235455
413587
597610
783178
920459
681644
821362
527531
230321
143716
899723
251478
651661
4816
936146
275415
858959
278991
952645
506934
122977
416569
702629
436589
107763
766347
99888
441364
344654
297131
757791
338585
330832
55618
573312
485395
202527
114500
974567
864804
491951
367477
805093
162240
159615
57735
149285
468206
380694
883903
424229
412340
651441
308396
60156
814599
897859
919699
901420
770219
170834
572570
31410
803448
522332
861815
277260
869689
586994
389259
812078
525788
940083
420132
579993
749313
880982
338160
189591
743293
719081
879359
72885
710273
879257
359460
89873
161065
416890
96450
674844
562738
813229
878389
769533
635348
896725
878610
486580
113096
377569
382705
687732
121766
76839
143334
477748
708747
238072
391054
976100
628908
681352
908895
362481
859406
794456
428969
73527
498742
483981
450836
499769
740925
933053
300189
146228
110043
80340
972695
408269
238464
963377
833661
198124
129510
196351
339195
575808
440367
585806
432974
368285
382403
600267
429569
148820
670347
995624
698223
402830
849469
819711
793560
374333
9610
479886
639201
646640
645043
799214
377449
357752
389588
334382
693744
144930
291591
667006
854557
314769
144174
602385
5589
921036
382040
516647
344533
264192
291065
833835
124418
634762
48708
458149
376901
155908
756025
666123
11533
795059
561040
288719
415653
320683
514706
719317
842233
231947
465111
373443
50054
73866
202494
566310
831711
422647
839737
293109
181236
357606
934320
589552
369123
463163
627971
944664
405877
50493
444950
596061
748479
864366
131052
104602
665457
833565
581416
658741
982253
18920
921680
194722
967941
523190
278858
719956
590591
837270
834879
660036
730612
643171
349607
534996
664296
323501
869383
442469
918174
276729
951967
117264
416101
836563
962752
333003
526300
536077
818291
930099
663042
243283
