7
131567
755775
458753
532887
219008
47055
679017
679449
934903
383588
519533
831152
34579
53473
529819
671300
7699
383502
66857
417580
686927
589109
930646
846357
527047
91985
654066
416093
701348
910525
762369
262512
47475
736247
328308
632781
756580
991260
365420
247094
982771
722823
753525
651665
72702
631777
884906
272771
436509
766667
477839
237827
274968
359345
166544
486626
897858
909412
60577
904856
504636
516408
319104
986864
494087
266204
90753
947977
73765
500819
384228
277144
914023
529866
464550
941191
50095
761685
770378
828003
125393
15871
688610
868442
629685
736390
725575
999683
888772
233247
306390
351094
513389
591246
846172
412173
841700
269377
415488
537425
468022
287277
178367
153754
571783
802586
33061
534570
498592
955575
748461
554708
890938
624990
842229
159803
212799
714870
130456
91010
274650
3000
414386
26882
709979
938108
239964
180936
317611
887190
652205
150368
681499
385901
387812
499853
147566
587318
845766
590241
955624
556271
148184
983526
408858
141851
565025
252183
488624
464135
961311
126059
199802
319321
629410
126740
651400
621774
803253
247897
476539
389401
203296
28381
901876
426593
142053
947700
410405
131218
885847
92194
162235
71079
365421
253114
135139
783329
455409
349602
452402
809126
931884
651792
215296
679745
909126
250181
861053
471368
506069
600528
817745
756013
462349
951581
632881
439429
824883
689136
702364
987367
954629
851461
289381
537546
514550
103457
414121
576846
876763
440137
729912
869459
715803
800900
706694
741882
19096
886230
525105
463427
65208
713583
489053
667829
682202
199599
916840
866077
890219
544070
139226
450448
989585
215580
446123
315803
514775
881702
439824
467637
806831
365240
211566
999341
153639
630630
616489
595
879
773526
727498
319249
417817
682647
680715
205308
836608
709080
828894
94570
81756
764176
629713
213900
213594
81079
388910
952374
947758
389941
269275
692324
284099
777040
784041
422554
282219
194011
11318
191867
983457
244109
819910
136485
398233
601145
176920
828541
157766
988159
257226
233651
101660
219460
634860
696164
794948
696399
753110
669671
633572
56453
598351
227058
318849
699992
117463
762742
526241
554036
588121
329740
703147
143077
161724
485434
860419
813448
556961
739163
316078
135362
528667
310808
588251
518200
430944
258901
370309
393106
446966
476003
387918
279355
78280
369825
253979
671935
676389
514052
728772
720930
944965
460801
940374
321632
460537
517261
661504
401923
605776
986724
150427
670249
343895
541832
522925
829425
14953
274271
643123
546259
918054
266673
970305
246788
844165
694180
455854
817285
22088
160785
707109
707985
436736
582552
751879
991756
695835
279574
754032
171217
4254
495802
79934
163117
903504
783168
746847
436523
6343
584918
518595
66864
544145
389819
215874
385856
627002
659201
709479
538782
280352
816115
371993
686256
310238
9349
103820
521077
776055
220734
55291
70650
160310
723926
297089
50613
477911
457264
520105
446590
150345
286006
833869
695794
577906
681317
331249
57488
987105
542515
1657
856385
29362
377635
489762
576302
739125
679485
536387
35595
122534
973574
188318
351397
614263
607748
125961
552986
954243
357005
838290
974471
259072
251584
424431
813231
898116
244641
760788
695012
451953
263679
665653
116597
209609
113701
547098
6080
176013
599494
432005
82525
687569
375394
836394
123665
973565
29641
80371
494355
769610
934240
250211
359738
769287
500067
749420
672054
681819
756940
36375
230623
221717
562728
652768
616749
371549
224851
233744
653158
165964
744271
159793
47649
662142
124973
949370
484289
621185
914230
17948
593679
722034
496693
53706
441732
519291
772118
65370
442890
977400
467846
329130
446030
743441
205387
171417
372603
939937
965068
255014
70351
123876
526456
160119
517823
105208
841765
368645
423985
327301
713707
576905
872080
758416
836786
699948
389147
935452
605738
362165
539626
455174
401782
240494
83104
421673
472486
289831
104992
216434
802199
527557
668971
863837
243805
711724
263722
382907
81023
459866
232919
795531
491453
3229
266179
664838
425286
186866
963692
134069
796034
946257
171193
606137
63817
347569
292533
509773
826022
834526
726606
329508
802265
631905
45350
41429
153349
767237
61745
519420
929359
220565
204609
89012
699848
706620
494742
261837
711731
378451
200689
232660
436194
469604
861381
977458
444619
34250
523889
31645
753343
591721
823076
329653
232130
536649
430715
403671
987547
967127
850722
867709
311675
148423
997823
639667
468180
932124
690928
815590
541656
572935
159251
945463
821518
155448
41084
343690
110044
96560
518890
22410
561610
857069
517024
674676
737340
698617
22804
192027
671142
345949
66305
140742
921324
221706
380200
586147
167350
26345
691282
762515
713856
77341
589942
925711
929907
430542
506083
831443
919443
601773
723999
519453
490927
161455
976335
574489
273312
531547
698715
667199
97454
548859
610875
668115
495236
571711
589020
441412
151250
502387
731528
31663
51628
522181
320714
35067
245197
107204
383054
551953
597303
611248
935462
772204
513264
486790
650274
697152
407629
486959
479890
710610
534318
276709
605674
280166
703527
530609
938465
235455
413587
597610
783178
920459
681644
821362
527531
230321
143716
899723
251478
651661
4816
936146
275415
858959
278991
952645
506934
122977
416569
702629
436589
107763
766347
99888
441364
344654
297131
757791
338585
330832
55618
573312
485395
202527
114500
974567
864804
491951
367477
805093
162240
159615
57735
149285
468206
380694
883903
424229
412340
651441
308396
60156
814599
897859
919699
901420
770219
170834
572570
31410
803448
522332
861815
277260
869689
586994
389259
812078
525788
940083
420132
579993
749313
880982
338160
189591
743293
719081
879359
72885
710273
879257
359460
89873
161065
416890
96450
674844
562738
813229
878389
769533
635348
896725
878610
486580
113096
377569
382705
687732
121766
76839
143334
477748
708747
238072
391054
976100
628908
681352
908895
362481
859406
794456
428969
73527
498742
483981
450836
499769
740925
933053
300189
146228
110043
80340
972695
408269
238464
963377
833661
198124
129510
196351
339195
575808
440367
585806
432974
368285
382403
600267
429569
148820
670347
995624
698223
402830
849469
819711
793560
374333
9610
479886
639201
646640
645043
799214
377449
357752
389588
334382
693744
144930
291591
667006
854557
314769
144174
602385
5589
921036
382040
516647
344533
264192
291065
833835
124418
634762
48708
458149
376901
155908
756025
666123
11533
795059
561040
288719
415653
320683
514706
719317
842233
231947
465111
373443
50054
73866
202494
566310
831711
422647
839737
293109
181236
357606
934320
589552
369123
463163
627971
944664
405877
50493
444950
596061
748479
864366
131052
104602
665457
833565
581416
658741
982253
18920
921680
194722
967941
523190
278858
719956
590591
837270
834879
660036
730612
643171
349607
534996
664296
323501
869383
442469
918174
276729
951967
117264
416101
836563
962752
333003
526300
536077
818291
930099
663042
243283
941641
596857
126062
247029
886925
196222
162994
836185
602540
623383
838867
671799
391643
871480
667498
115632
40
676217
628894
454649
574475
32276
351471
855275
370920
661574
576559
59973
744636
279556
442723
176459
91821
897446
992643
594293
33011
691087
487321
569468
895925
434600
688749
203204
481828
272504
947333
244355
953476
477059
127116
961652
857348
217458
7009
782650
50404
960271
641518
573529
137124
129072
824812
501966
656035
505172
526572
118423
903259
669055
277648
386794
391581
831283
243056
123472
728470
648221
201262
848886
22561
105586
188021
361048
779834
719366
666514
581100
351251
157189
292156
169147
223747
671502
404856
886710
579492
341924
437338
699796
834470
792160
849259
282283
264721
169999
533652
73200
998960
750339
122248
164636
425202
773376
213615
434026
33084
929530
106066
266346
482157
792958
257582
213963
282528
380713
208170
928736
764235
616701
575982
356414
908052
197945
114132
791318
698319
18255
748137
114555
895165
654776
345968
382499
215097
331366
17789
914574
785646
393539
730147
831738
877994
129638
343502
942281
362273
352139
80673
572020
776568
844391
493406
817500
642879
435473
352393
349235
281607
919325
626293
744747
157575
776592
252012
612195
854795
314678
608581
125950
373745
133323
261921
126059
202862
750693
70966
459017
963460
234728
197562
684100
81344
854428
152597
120203
809306
944405
45530
60275
829909
141211
801348
227539
399304
599329
655353
53738
986585
812488
413672
31845
108073
974686
867314
671230
834556
238270
717100
589840
222590
227813
1573
447914
409858
933215
22466
513614
376586
859704
794050
609605
331878
624145
654020
644534
259178
26006
987263
207796
642469
560450
377018
120717
449207
137746
585932
542722
483710
886799
81613
362674
100831
299278
841857
913207
828113
970517
813463
798052
839985
448821
642239
694082
815943
468314
193677
401645
930861
467314
378529
517712
227807
899469
986069
137024
458584
689289
279078
409370
740098
31262
304000
192690
813372
274930
717922
408718
785249
722455
577189
633081
798775
275
627936
346509
471962
492318
529739
318621
858117
138033
399232
387000
846627
56147
456981
765704
292560
962137
999317
741783
349861
796764
199045
600869
542946
251749
201662
575753
513874
747869
608156
989858
798630
554902
146704
107034
523902
246355
571755
334440
678862
69382
844830
876459
332147
145433
744242
662040
402874
585159
555577
494227
614639
925038
614064
256441
39672
620854
343566
24172
171432
610860
423940
568565
730537
374057
365726
376361
86625
583246
418259
110831
325335
685319
564110
872067
531980
974757
60254
475451
110157
992402
549638
698861
127265
475091
59360
445207
918183
439609
858704
997401
549426
124312
846516
190300
664495
656420
973412
457719
159382
139216
283396
973182
598091
852400
62900
925831
949607
466772
282294
460354
430921
866334
198675
384852
759367
814408
672890
721747
683518
314057
168520
688196
921143
165801
3819
176345
178191
198097
668424
674604
517598
323477
467072
320896
93664
870633
445221
147808
652193
942193
882549
661076
203959
170385
16078
165451
109107
361273
561259
964056
245549
23866
30046
886371
886551
913429
547524
172615
487157
814602
936819
583194
549030
471859
753506
332387
172497
513079
380512
828351
967255
4778
301457
454668
890653
843722
250412
734076
839745
423056
708638
405965
526418
525678
91554
403778
782306
264848
307928
185009
756796
620812
645491
327387
154267
184396
455301
533300
162464
925978
409149
31194
167323
565188
985653
140290
333645
309188
354406
162904
322222
379667
641520
602446
37691
335178
78231
544151
491232
287936
252775
439419
658762
325652
1664
972915
100892
318448
955730
349347
165443
985711
116468
41894
961172
785458
220440
101483
254620
437609
243065
282657
549352
882500
851841
670619
557736
758003
902199
853572
759868
234002
998514
261341
375124
299570
745690
992058
766485
428706
641809
463905
102491
181921
863555
503470
931184
898238
291231
629282
975619
544171
830856
54822
189664
975513
765381
870073
32346
518554
375521
969885
193190
228622
597081
896706
549602
84791
777159
771263
708557
51947
883763
71652
994885
269978
499885
687472
748603
944860
689862
911978
171265
815515
282891
481985
911057
703341
399397
168473
902696
210111
548488
372860
263211
806883
235886
659060
335681
522248
452985
607006
667254
21770
819389
377400
541918
969918
746451
793464
758869
453330
406841
244280
702437
213867
661326
407140
276455
343226
301530
688555
954506
778357
902507
21660
974459
53764
410050
163587
796217
11581
602142
921675
109951
545138
73054
556642
383467
481538
391020
408764
559234
941290
699187
589768
11145
282826
387470
745962
565817
554433
268646
117189
161656
354385
808492
265793
191714
414542
648300
529783
72871
470051
379040
98879
493365
132844
216294
438389
353205
994029
892350
350018
439249
801809
982389
301286
576767
552045
143276
506658
499947
729805
82616
217111
172966
385305
374705
264423
164721
856695
245482
893566
791334
964413
250802
284145
549937
719059
515406
486594
351948
858669
412303
20407
915893
959731
568760
998106
400613
587792
806536
408317
43417
545558
130128
574828
969438
681489
207255
563989
830870
292938
306130
978204
985143
583836
332943
521690
82413
807921
681809
594898
204199
200447
163973
280850
197509
793233
872022
789378
90765
160043
247081
761611
517186
391881
868187
332769
596836
780385
986951
954568
822984
777213
686585
842138
628139
768567
396744
585389
420145
801779
477866
690928
813805
551043
294859
587118
474426
898841
429338
259977
464137
39
658212
91861
562432
679195
667773
745431
652612
982209
279754
782945
5182
86832
59210
926978
214707
781532
253718
286655
738328
295923
473296
910178
923269
891987
250711
752575
684063
468212
474028
208799
506504
897973
835254
958922
973320
918642
148737
262949
396577
771624
770791
775890
454580
418767
636464
647241
742169
829678
272196
780397
180448
120023
787884
992076
77272
425028
841305
633684
945023
430450
946175
798738
377263
246847
828891
41612
228652
94021
861623
43500
954866
824417
869209
512089
750272
998524
417551
211650
403798
108929
362138
96898
203972
387177
823764
899409
966054
817249
416933
817624
725126
458627
415193
592839
603495
667669
987652
739263
4203
625602
130206
896297
677985
328403
236886
451561
680897
258887
146025
704008
598914
691122
73728
879843
203009
216787
732763
785799
958430
715621
740643
195273
215495
20462
839348
760998
218673
420292
270762
677003
836033
50503
622954
633834
457835
109546
725397
17521
412929
538295
102280
640498
435870
27806
242532
329974
631984
375853
544762
769024
78958
762892
48275
184635
470436
838669
338528
368432
853990
786889
278626
815481
703490
898094
870572
412908
182021
554568
531050
351047
725454
972208
235380
140880
237799
801740
822485
401105
868084
602506
38668
755301
487822
978821
355332
730048
165080
879076
310397
677736
150405
287915
906911
22173
591847
944809
829517
568237
211389
30385
582248
641791
155093
68279
307594
574435
368691
210080
34978
757120
65242
275409
770767
374291
302939
354513
967470
622422
697982
346669
154465
516125
565587
696574
689142
807848
458944
736297
161833
327914
12464
440737
805675
933307
563616
567187
575781
988009
728617
111199
510940
444586
474882
545109
585313
148526
725785
525574
345266
587925
32964
909156
757742
508081
409234
463313
162569
693440
34677
692913
171767
250782
947243
743596
820276
288774
332713
655698
835222
424409
441488
431528
59059
383238
644431
518127
208932
737995
689005
513435
367102
502411
123751
415683
813417
29133
540677
115973
733052
632173
549806
510896
706978
512206
721110
975867
705457
946686
382285
630307
184398
488853
304208
686993
700392
849628
490370
800690
179278
449927
234063
23479
527808
871996
339010
458821
674763
187678
596871
357242
821118
423195
51885
845203
138718
924219
856254
820320
22256
975127
275645
736115
99197
829233
782351
12366
797561
605480
17231
547313
626965
29060
312057
577170
320691
651768
814471
735795
737221
686721
129781
754398
316249
3219
104121
569526
884010
211841
616265
241018
878408
88695
377046
593803
803976
389844
648018
798005
63082
981157
592027
961799
331357
863956
250753
472835
158890
870947
714925
39758
71997
790336
185919
41315
237911
682797
192799
651562
344474
273478
317083
22732
980361
228388
662326
221262
929111
61761
786414
288554
651386
384699
181199
740825
257244
533649
24297
282236
483832
935057
967885
587202
885684
345759
869476
6557
191886
312037
225820
510189
818130
220466
543835
191938
183098
644810
893846
495040
279538
139101
351848
183815
693384
82367
43167
360600
244078
296881
570806
384233
351174
866875
289344
918950
320816
747277
662599
794010
934137
516198
795193
809268
307594
578122
322979
100162
59196
690474
195047
433459
515991
322887
543347
984133
612502
6961
981510
527139
643366
627510
191349
285253
171719
443660
928997
144162
397475
872642
195959
756272
801505
868989
824445
328244
571057
603282
84258
805923
109170
417345
744281
323667
659844
503921
506920
898707
175826
453143
268068
408996
454731
954576
959130
482358
174233
685197
515907
906766
596754
400503
743308
980666
345968
380401
963138
829252
99572
132778
104431
785670
794418
780289
380186
351131
139868
243411
96887
24347
121030
704014
713440
88827
579706
931285
587779
589767
995558
576560
64646
272589
375955
256810
238514
810617
983102
274717
134143
44672
641816
578916
655799
535394
351178
919816
879538
77554
171625
852127
483535
956786
96029
597809
123097
433733
120476
396717
134120
661327
421685
673755
257895
473514
570056
780635
187120
233000
154412
633783
600747
485686
97185
31026
343373
785142
917230
413250
931504
265975
245512
407172
800212
141972
586887
592911
812027
680614
516557
823453
659013
551464
383542
754926
194494
127806
559748
572432
701925
607697
264042
770276
117500
383382
51188
123253
47262
164837
794154
345724
280175
842054
223238
130064
508251
262586
299304
284594
110306
510803
146696
980397
822575
906653
687743
308585
226186
664465
163075
198753
699158
110757
82367
37500
127189
185811
234172
847388
857888
290859
368707
478789
201132
665389
689811
43549
763795
227754
13145
883059
235652
714755
184254
63075
876894
640237
54309
570303
937138
933505
885685
359771
321994
540204
175619
965539
162749
720099
986011
161019
644142
660762
938574
72651
777898
191299
442920
496579
131552
497901
340909
382329
366395
628851
725512
935759
773363
1301
866233
505642
420538
393118
655382
538088
624069
380491
473298
939330
769957
766178
263805
777773
87939
662406
566255
908772
302802
59520
141667
473761
719803
9566
752393
623336
64547
611471
691266
493595
996283
767863
581958
772770
24775
306814
466456
962042
414275
154804
213254
366884
835292
594004
185415
579699
817644
53588
467277
771542
394533
434222
325907
296842
911034
301758
510891
615545
150759
250841
942318
984186
503290
901285
490382
2337
275780
903816
24998
47196
58375
902455
154466
535132
939421
306208
291573
366601
91765
960676
445430
659662
446913
583813
948658
517073
504687
371993
687876
538612
419743
44384
803959
100454
959136
580405
685145
641847
108718
816394
60442
634374
523838
167966
374496
744003
653129
670176
115260
739894
599464
931739
214069
61153
579255
362964
968277
175848
814145
264705
904146
564240
48293
480859
991994
699635
118121
813563
488478
2035
198359
70606
417301
6
105335
972696
425311
596309
916152
314882
32363
803811
612574
227659
404045
266762
469803
202364
379846
645946
986334
586925
241050
429244
691428
213665
269767
953687
21683
353710
479678
133586
687500
220688
277157
136852
567610
682650
718000
719908
784746
259557
399149
997377
155279
196695
118379
156150
834129
61254
276829
619261
585444
351953
953945
358710
492890
146476
269622
521006
578035
863186
304284
953806
12013
860265
224713
907460
256317
950487
240543
902036
115773
367638
514783
16747
412797
327573
280992
583151
826444
930294
936122
872577
109616
916700
515904
854725
133434
136261
637208
143883
705378
627848
870480
866754
261236
611074
24371
527991
959064
367247
933425
550071
962512
296177
729835
577714
456114
187176
171501
771492
557187
548605
334461
25916
480370
763721
972283
485135
831970
784560
137356
29242
366052
858309
362712
730315
647514
332516
346138
239843
135379
812186
346427
101701
908766
194696
522770
232188
515449
204138
183242
66088
501569
981389
502554
527539
353465
364711
326918
276709
613064
451877
995017
496325
870722
933084
823797
445869
38818
270407
707611
150266
958915
866537
611605
936714
816624
918809
949403
35016
382199
172245
272940
284546
288429
543838
231384
1972
139915
31667
109063
614953
196935
151111
158398
610868
549441
382343
595032
452990
690149
730116
305961
142288
898346
107338
630710
968659
600547
131976
628934
128066
927375
892866
29851
607067
684811
38837
600910
232920
807117
167307
299173
68329
160236
484896
813039
683410
492830
141373
529238
907590
434811
230579
470817
248810
810929
219201
289566
653101
208723
225749
317266
91373
368501
7907
875300
861989
198396
691385
495456
257719
519540
947384
107674
281348
566986
199135
113722
902080
850349
610657
6893
828009
224779
19630
853818
890522
642534
642198
3860
866098
235793
94222
248753
861469
449409
518745
595034
485844
754260
5490
260555
166388
870045
553693
825971
975676
506610
690321
619446
689750
26320
271208
181597
420990
994168
234368
137677
421597
192052
102262
341150
430850
680432
461537
310811
632699
389732
758037
474398
422695
643422
566324
69774
432921
465661
603195
616041
475264
972446
231452
151668
514927
431166
979038
991145
425621
817204
669963
535683
197004
303500
782465
938581
194785
30300
145525
302247
731070
332822
488001
988368
764939
444976
28129
659734
657027
167295
109755
248510
778394
527663
444113
527943
154175
651934
594121
143415
835132
912777
602367
707555
199608
63588
487964
380028
700332
844267
409162
252088
900794
236096
174893
766336
924097
814282
559032
548971
486397
41214
532682
782623
593631
915727
158305
37357
718702
510819
407068
58560
11013
68502
58685
110037
977335
383750
240847
19125
361681
418778
820910
940672
314674
544022
333858
896771
645800
530575
369704
225918
153239
913696
46611
221660
607992
226359
567878
183263
416835
183633
633377
780427
696416
38697
245758
539470
831594
462926
646005
964977
729676
908715
334969
570603
965289
963957
592127
640890
26810
496961
553926
749219
290265
387336
497609
442314
302259
928096
7338
318317
753485
983587
428733
94089
5645
868313
452858
473625
439222
345093
673146
19909
552115
313059
407528
782677
495770
539557
295036
555480
863726
374114
334052
152224
866500
988210
110173
274115
14496
580119
870584
619946
93422
804185
909824
979083
758022
208046
849550
172228
995682
664655
346586
772663
231119
555819
549496
314111
89361
555857
198795
399026
929949
133158
494851
99526
362762
575411
755591
373242
680709
109945
443184
925093
552925
924270
721092
666640
699748
25041
784865
258811
858772
132343
790272
120242
461563
750541
504844
7409
511843
608456
16977
280567
434035
186805
937078
927964
779102
432387
494433
72669
80379
626126
945238
38427
707985
430662
509212
402070
79048
268363
367265
247296
372242
870439
174043
482413
95997
74209
955249
260509
389163
194463
611132
988155
197317
575036
454208
169989
367132
1354
762493
344642
97568
464892
692186
963162
220472
646791
176924
904458
811383
848542
246203
10269
567954
458201
264801
512666
446575
899592
52928
371530
913963
527496
630833
33742
976007
64830
353536
541673
848078
449495
961331
456273
858467
18560
867979
847278
6612
104703
353504
8130
627002
657597
744240
639714
257069
598783
485385
41964
142934
753754
491864
903237
295590
872985
968214
111024
571863
138171
719055
450495
775320
872733
731747
706436
410922
821914
813465
843024
524506
401386
587235
441804
736450
739696
271493
959622
741506
686798
425597
413602
844721
36368
113483
890406
684714
412140
287734
866396
249220
702226
661743
421527
19020
613304
482308
325004
125066
515580
404888
425482
482335
790880
333498
855196
50109
1987
400373
557072
609456
822189
428510
361206
426930
797769
99355
484399
476127
474526
569118
13216
81432
327162
380536
241420
636243
943580
193798
433730
59667
611227
592081
867148
885889
798824
815442
52299
795626
86063
142973
406661
215618
77503
310700
774649
608885
231561
970740
554589
886173
562854
760904
635367
221101
224386
416854
499553
103774
744407
439732
926297
781762
118951
774960
828058
47071
958317
816223
177023
561685
121707
75791
539555
267755
146196
579114
978541
640298
79444
916023
144482
762346
869506
509867
414025
956372
136032
779779
799011
954231
150718
554433
262861
910942
769460
411950
93342
454997
425795
733588
648256
791792
664969
621386
295630
550191
985328
684525
236904
749499
8962
597526
370097
825091
185453
209106
664985
901054
614721
305877
719881
326769
772915
465394
129864
140818
208461
820310
854912
277077
788234
871421
683844
788881
745287
234287
778694
569341
771930
920537
982846
978676
912433
814885
697060
864442
418962
910899
32293
630027
495847
830809
267780
565933
503759
780267
1578
526047
288494
629868
809610
63309
808322
411917
542733
667045
501711
358321
948896
509624
323427
626720
924879
949965
478029
432032
529425
48212
127577
713748
272515
134364
759901
788351
846948
452275
684286
211467
340378
456434
571367
803769
919298
163455
572985
993088
87387
389130
650312
341746
438321
208496
408541
813513
640439
435871
50007
283709
226644
363698
303722
513008
187424
339354
247383
837506
796665
535281
456304
385044
985768
83565
166403
110644
182123
267977
888315
557914
750743
900082
283808
901146
163435
239522
746334
812035
810906
831574
118276
431758
929449
740320
765521
218847
337232
588314
581011
868059
194824
682344
585688
447592
993868
179828
693472
569581
801539
439098
272951
465234
443690
425858
793856
335421
155858
915697
664583
134484
778490
146062
327136
953064
542895
383803
134791
923179
379613
730167
158455
553643
986112
866379
965957
192651
170495
865750
386368
225243
808649
918281
85016
547053
260621
280952
903386
796471
273834
292268
46313
219921
385993
932367
772413
35006
228321
534025
339137
598973
682932
463094
475418
558358
210481
773578
608838
447290
911287
567228
263062
294096
766047
59024
793629
535145
168232
838934
792202
552203
795756
268393
876908
883598
301122
828618
452330
601306
888870
882918
868435
506861
908533
277969
779063
770790
763733
176333
963824
352745
259634
698543
769376
995454
833090
602476
541392
134111
502783
386854
399103
216764
338625
989750
986069
139999
442940
819341
566192
861022
944635
908413
272586
325354
996714
5659
96003
175497
922682
37722
863327
669855
724069
698379
27851
991324
445587
303400
95509
862161
90880
84679
888548
466773
298929
978270
92154
497781
329084
673188
729170
401838
177641
944201
625420
73793
970061
153811
527028
778850
196303
535072
936620
237860
826155
66480
92869
501069
571738
44486
519153
448333
443854
177828
83829
612953
595095
523136
378003
668227
373115
537817
63541
706026
518881
883396
899048
905214
507125
343750
110152
916078
56093
546936
288515
994643
207326
760270
987209
299621
602911
852113
239728
212207
768420
939527
87480
949991
916083
155056
447631
651080
249443
450797
842322
725189
507418
267998
239565
473044
674087
832340
949664
419716
586523
475598
588320
670651
107100
631467
685006
303260
749303
701702
859854
316530
737970
283712
275938
657216
350446
632915
22681
125302
487385
648585
326026
296393
368866
149886
574460
784303
814465
632879
409846
743563
256526
463462
659903
507764
69680
859744
476415
310050
849274
539679
358754
228611
408611
992940
595875
624337
873172
109744
62232
705171
143330
405565
798823
801523
178140
329258
606246
882991
97158
570370
56032
521738
890707
742221
709359
514251
85271
831373
755953
457230
948063
508139
378923
126726
417652
903483
428248
955117
46733
268070
451111
127958
111020
496736
770160
174656
785254
808150
521343
244455
641734
203269
574136
343922
3912
750131
612889
515907
909154
715807
860230
631574
474559
128471
729087
16664
14472
180923
100904
526520
229976
338809
85932
938871
51626
487893
185171
483857
357645
586812
341809
496522
169746
292918
980588
32938
469544
858658
224334
535154
320763
852739
761898
349978
765370
688233
541179
562534
391610
319581
990431
429277
248495
520410
568326
715175
254134
277127
632985
191658
477881
942806
173532
907970
821622
905821
705258
606347
580502
301141
142684
563011
399342
232869
954749
860805
301111
647992
349383
764139
995750
811666
604110
999498
784028
192681
675159
843871
750361
482005
246784
779074
957530
597632
141286
62518
515230
531085
947919
87043
611129
932145
44409
218875
812595
220416
714232
397214
485382
979001
369959
507537
267949
405985
857165
128676
172040
830598
730842
509485
990161
898322
709229
330293
991845
188491
271132
890797
262800
896250
895256
181876
103741
182605
367274
399021
837757
12600
731025
577030
963142
893145
711136
383474
606921
231737
939329
758442
273981
768490
103277
387400
573423
363579
298636
57734
126285
10082
412264
369700
154024
110183
434309
803970
287366
686842
168591
874387
525149
197230
100535
313344
194557
186038
47043
479235
703563
131294
173524
766923
773745
409013
747190
206173
373836
651325
358264
244
102676
292450
110367
527124
380842
376190
211268
994588
289672
428384
240593
737151
513235
11490
70260
608785
547601
458598
935077
302555
905388
436872
857168
184506
299574
807751
823604
205353
606992
420417
372314
72201
221405
325339
748805
335520
831220
184471
716994
819426
7183
703144
86049
909105
900755
594148
604077
439262
18971
786722
461119
290866
498216
639992
935747
573151
791009
504431
69770
365661
292946
442230
894170
939265
675050
24063
346064
92
549831
929177
165490
771446
773621
327517
351580
681605
160652
475125
630007
155284
279211
658325
992040
465087
960906
325623
516537
498405
815472
551671
854221
660906
352235
694334
59997
147677
448750
450898
538087
596170
579859
495935
310118
987572
395555
596868
303815
75546
416870
764895
708777
742408
844695
604504
622306
743403
573358
258902
397551
144552
953601
578485
417911
257319
793706
819141
205460
403152
263525
82929
488122
31719
991466
817554
540141
111273
747067
128160
512662
370955
244411
905708
811355
382330
381723
179739
200614
972726
931650
723550
979617
722807
482914
521837
552427
555349
654224
72614
151107
92118
880476
839243
991813
654846
525575
363310
782570
703383
97528
786231
208939
847173
246437
940960
160445
6959
947708
546975
939652
176139
702533
819607
33035
105737
727071
140237
435513
32558
87570
473835
954199
623499
801399
87422
982370
978585
379886
321242
908206
792645
995705
45143
555422
881927
221633
157553
410533
281969
996205
457237
53063
639117
225629
301839
874960
152697
802064
254483
149043
410009
486045
122830
947391
214982
401375
404706
375183
287051
394492
737923
488168
802203
598175
271268
179294
726754
804994
494594
772478
119643
392728
97503
367676
146468
141647
141160
942310
850826
625559
408905
926833
779855
87039
547916
764468
531542
619150
717132
124965
828982
564663
166833
333721
590733
220268
222769
236154
154303
799766
640869
667708
649444
758473
790872
208515
722841
55536
194024
238624
654725
495087
67950
782174
54360
432762
795973
906820
506088
907759
281196
998148
103996
467239
123952
799562
228291
35028
594427
293246
488879
748377
140969
746384
658070
703469
544865
490872
233914
512193
498501
435664
556876
312742
80287
87803
376690
612927
152281
825142
51669
206111
328786
673555
890922
365510
759147
110177
336904
79109
290343
703255
946031
365117
148905
83532
615473
929779
278225
88098
345308
298423
480388
71775
61713
978439
932838
691115
969260
693423
737551
229926
503678
425560
783694
578867
830532
612576
258721
345975
508735
393509
222767
209859
318910
721471
34939
102430
165428
735602
484219
451942
89261
872242
474494
25978
526977
917550
805166
391305
196185
539615
272779
571357
636576
535132
945159
723501
150242
557191
610267
457646
929242
267411
371161
713735
55480
249214
602308
713427
875297
808914
372231
687299
847641
95813
976359
984895
404961
651800
349103
55017
470800
957046
451350
140665
639724
435097
31033
461617
663404
335490
323472
380501
644570
854578
658777
572371
678286
385722
377162
543520
892391
54450
944900
370395
832630
877058
406845
320166
829784
51824
815739
52660
866940
393747
216076
787936
867420
447421
124642
399811
116305
310912
323705
285744
422350
843086
570785
30511
684754
84610
724581
298420
431047
989303
481461
106461
900934
591342
446926
809138
132168
860745
290036
544194
208988
670875
861853
912325
4095
824416
839963
86817
808802
481514
999283
180122
645166
870518
510800
84236
440263
847714
337122
737967
233220
857336
2740
57029
284156
736090
687654
810034
186664
556899
708086
133213
423465
584349
956795
248090
719371
756623
712609
124064
678975
975980
608440
754443
83126
785869
136466
71792
343784
679492
659351
231215
170946
449729
896242
762389
591090
214632
513991
709031
4662
349376
641902
32971
34385
782340
839049
736322
591089
202498
630446
520739
96979
560205
255077
113835
794245
872932
64886
308006
495691
206213
43542
655235
61671
278596
322903
819735
188640
769648
567295
394229
319084
647632
303995
109531
487375
479639
477517
822448
781812
967552
997396
467324
556087
57719
867869
1559
212374
569386
524584
698799
80110
113569
334128
433503
259971
357338
430092
934864
728254
18890
418957
838113
994155
11602
967026
160884
385292
144997
419603
682263
227082
723775
755171
314008
358025
977232
655890
64866
965093
668324
2474
573779
336078
204730
124855
967049
541019
860391
339486
470020
859352
885319
210223
425748
947618
44981
838084
514886
742226
786740
765344
243916
587873
159961
868880
984102
85770
223859
566102
335669
334193
520715
700372
515101
354501
762843
224550
174742
232194
618984
923086
819377
172757
881137
935577
714696
192208
727813
613009
525439
77601
960810
702667
78396
311041
492390
749254
879206
501315
708467
526358
512646
103335
362075
26360
939324
668849
824120
865599
852686
866476
585539
938075
692040
510471
566190
828989
691949
971449
476292
241799
15502
499200
181601
494676
159180
747381
411430
359589
254887
933422
494765
647967
944721
366571
577181
509474
817105
992461
542333
951967
106328
657865
255797
228352
57110
640342
814810
444197
953025
897119
490936
316828
738300
828981
561195
895757
600623
408683
204378
223849
395425
417293
871474
571901
776312
547968
640798
475356
525081
65507
736512
783861
385524
43476
548813
827809
865540
871177
580863
366427
166207
820058
619979
653846
725959
450342
200503
97166
715269
820662
776310
504561
263678
643883
310052
871357
607795
921495
80600
344974
676734
308673
701720
168174
878577
921786
978818
296605
933607
614054
85608
490623
45778
221710
444844
825256
956278
559255
283036
927513
208182
142188
219578
619577
890054
771020
617936
327818
405509
866029
75467
90978
737427
144649
575422
943631
42377
76017
344817
44904
543622
611664
933636
99916
924751
803175
925918
403358
715580
60527
60671
469555
38355
488916
367842
935533
974951
319737
623499
792029
636814
522696
974376
657566
227075
595730
191444
877880
217785
503423
140363
556189
774876
416957
230826
630310
242459
104541
628956
494978
234887
869918
420273
940327
520797
67050
669070
534826
797840
293209
864075
245107
589725
285147
390706
126066
314476
216356
491744
892695
158550
154789
959872
937290
489591
705705
125211
959025
713189
873541
301580
525737
77657
902121
541638
264170
914444
604663
284244
217317
634031
762987
649138
608539
426974
550086
221570
90749
889352
987476
772623
553428
383327
128499
212664
446681
690352
135016
714616
861188
728504
214878
641827
763879
630651
978047
336491
143927
447095
647875
387203
267473
407263
343735
866241
647018
993120
625289
876815
314346
26840
6175
770152
32215
323557
813708
923633
11751
460339
179427
951833
866639
332052
546283
312515
270414
835014
927943
435416
397328
398346
497373
467674
441968
498307
161926
878621
673813
233940
945793
376559
414455
187600
290017
229651
889275
693429
840898
791932
5030
524624
376670
277977
913574
984652
329886
161546
503161
728528
627357
630957
119371
823446
549224
734027
18817
186698
133975
225240
759050
494760
569804
539816
647492
955699
828681
509560
251801
78031
177180
197782
389561
883464
39329
854766
825958
758367
17501
86441
491755
71100
719464
312672
897218
152704
919360
216693
139189
823679
470327
7252
863901
323924
978850
843158
770401
221956
579279
766434
557323
829906
100434
620969
279428
290742
414747
96826
998545
780229
357407
598419
369599
468272
476086
781171
189465
626202
221125
617225
377668
41333
543443
602650
468586
766237
249729
250515
468488
112652
919067
292131
748430
42224
506475
411313
393941
487145
611837
845010
894209
593323
734935
272553
782839
218611
377544
965253
357434
44178
340459
814766
691450
596179
732351
852128
501838
492030
701408
921891
733035
360294
110787
582467
329161
973388
49458
69097
54828
303070
563357
219561
334414
231359
580300
910997
682974
160214
124582
391632
681640
744615
931147
275753
537911
649671
575689
426193
415224
113998
546324
4399
921024
168215
561974
985301
235833
754079
963690
100721
444978
67387
321665
17573
297736
937637
328848
707128
34107
115514
12700
417153
525011
885397
522634
945257
359122
416486
313870
29058
277457
180057
545218
418133
983319
936237
800031
104541
639783
411721
237048
182895
237321
760841
583515
937150
135879
215029
181075
646131
88974
58294
527152
860644
590349
772803
578380
659271
874933
699313
713372
948640
208512
679731
677077
75488
452395
705560
686891
993457
274064
169079
78904
850044
480763
379898
519059
868104
939170
84333
73239
654083
699338
133008
977914
99943
379489
647849
951644
690440
614629
749633
246762
408021
66172
905429
125029
895652
849874
616296
760297
437485
167761
933673
708522
461524
94394
138897
925115
916526
591379
76952
47828
672385
241377
913228
167159
818221
748112
694746
972084
139887
555887
690910
522105
58332
173711
907324
968970
822664
405798
724137
842251
538779
220200
79585
300681
418582
526835
527078
613104
124503
62311
40481
225366
875429
22559
71682
497930
834504
366019
304367
354207
830923
188126
124448
137189
221661
631531
760608
673105
344246
447925
593999
96417
126484
340628
660375
436548
424474
544325
421253
405087
773416
875907
56969
265816
565210
345474
89307
644904
463390
450745
971902
92249
83388
200310
867562
832422
371803
498455
653827
405655
318635
97511
509811
478162
667601
851765
396917
492692
814698
555602
911670
998816
334316
590994
602221
257291
321990
483489
184345
604898
242561
821487
626625
322811
269184
158189
88352
600218
606243
847514
968098
166959
453723
20506
567601
535974
94323
943037
57060
799951
760956
522296
267104
219944
777736
477797
529497
263610
499244
908670
592923
25870
712976
299649
69790
711900
209297
865726
989526
234017
239764
807615
532533
280185
16498
225906
951804
368613
898098
935772
991275
618848
651538
949464
62045
560025
236269
95112
198023
426645
20527
932878
352203
149880
475387
41889
873520
956882
707757
596068
859999
751670
484552
34366
467477
125974
779063
765522
238683
654058
292134
800495
900246
37367
893449
828935
784760
505556
974271
894604
235693
407178
910988
533300
157704
951008
1021
171945
244860
437974
382390
390599
321427
15841
185104
357794
95241
359820
136732
544715
979077
654753
961715
904151
659798
730226
154954
734096
189187
953096
87030
390054
173299
994719
480558
933071
594120
127093
578786
475582
316777
887905
669810
975768
54932
46947
865682
242300
426030
689440
817924
768707
750119
419793
873368
392555
192885
90611
565309
24910
572600
524598
947209
168761
737399
678842
736316
491883
224114
844246
47511
337833
690466
58611
861446
70731
509780
943256
744421
671899
73826
524349
764709
585645
719582
296355
728038
388931
298958
466278
972661
846199
879286
833054
994721
527535
291193
981745
486616
715008
449653
631590
755041
127420
67632
450988
64600
488639
709640
249263
420240
385281
965566
627412
540087
206550
715675
641820
640140
412785
124526
453882
692329
359217
13483
572665
629267
716727
326392
451555
577777
511661
557209
905865
456064
341681
355062
194774
831597
507335
859925
513869
651857
297115
490468
454684
164647
612389
104816
248087
676035
563385
681538
36914
279459
817889
169346
559327
498316
325894
68950
582871
119577
288200
695748
811076
688072
832656
307067
723753
388689
240902
939392
812619
624896
271645
524241
937800
61951
991256
302811
207856
651330
439004
681144
416040
810027
71645
872249
599063
186837
474457
416987
730198
688904
817302
313804
916630
339357
305061
7742
96521
869529
885406
676394
610416
958996
222334
928085
825575
327820
440884
285163
656048
731069
312477
621319
169951
733239
783002
953412
390716
287544
676051
843084
526673
815251
848801
591230
581166
463443
334613
586533
646252
111994
866719
680105
957316
995337
876022
363273
164829
661898
14719
328267
948099
120739
814766
689501
843325
586592
648199
842872
971301
987363
884568
588198
621822
618884
247715
418810
364795
737666
173772
938831
386241
92754
575924
380416
224952
925193
232157
987486
955128
225347
565849
97668
148022
261110
488489
187037
831048
291235
695931
888328
767935
778067
35077
408226
513271
619548
399566
7656
655272
686583
808805
540218
401022
464498
62374
91856
485732
871990
246732
891472
599207
620020
336618
266333
259055
966035
505955
685310
416291
43827
436659
284160
816681
869224
766816
989953
395572
892951
457610
335706
940928
620083
402012
110785
544814
632468
511684
942525
458772
861324
18402
223993
803980
461613
586446
187462
967695
391056
9716
266684
163043
653358
515283
419870
168191
161080
672024
176059
363435
887911
763020
196036
47502
194101
525101
389365
586312
931678
200090
156881
109211
110465
177587
42596
760701
230845
941110
687362
902828
415096
952708
571538
682273
386119
45326
632869
250074
57152
351921
414258
880638
550780
889248
230731
36673
228026
571810
251461
356039
611921
256606
811953
436910
504329
359625
859845
173518
674104
130046
196660
532528
185034
174719
843354
59249
582891
449087
108276
390506
771070
459345
481607
556154
176157
12216
268977
692284
605922
449170
515549
884926
607964
753131
30792
417824
798292
888506
762858
474925
279381
512883
84683
950413
9810
847914
690198
551735
932328
122639
741061
208548
279767
994743
891778
744577
297233
477252
374489
620632
617580
330221
789332
328139
802733
508492
306152
349862
819270
370224
966253
161990
957716
709437
829082
249876
725030
850287
558233
120547
580278
541611
809393
411933
800960
704070
654508
850333
341620
316259
184151
337070
875407
664459
60965
419894
583309
478519
666654
934075
477294
74419
491912
713224
456699
23641
256708
520189
847710
255975
217138
628539
489985
337633
326164
619739
624410
100979
783469
804267
286726
921356
758857
240115
712174
822250
448737
232626
870015
52849
38108
347021
71072
242370
610703
775224
261788
887302
530193
958193
734625
71487
214062
946305
973859
964863
811302
497530
113948
708947
592738
907151
62726
212
571230
509004
908274
927554
895727
106112
34985
860718
836503
956397
546563
15830
8744
943097
62930
431014
423705
613222
110723
511514
92792
207742
741512
798795
336712
859047
752138
337302
762708
957745
202110
105749
939143
630566
539320
323347
284844
297112
439781
747572
620289
852839
437028
487410
62006
914422
237210
900607
103468
596830
668842
704944
334193
517185
376757
737150
503325
484756
474013
957796
64169
256223
376467
859949
916141
115593
343422
603473
297445
39286
141020
604999
931945
674571
968234
450014
684266
871208
104230
402933
583881
92618
289346
958051
352075
995917
619998
966400
635206
504053
724438
894834
98562
170908
807867
772218
747043
731350
47480
824721
968533
484099
420296
326428
42072
945504
511695
130668
652612
992221
516639
202021
618839
496220
108020
96855
482741
601594
726038
785925
71718
100557
691075
287469
409700
291914
96656
141054
175170
432765
856414
509993
534787
145256
777147
581932
335529
981834
971692
563359
247836
448930
477838
224496
266113
563528
85351
183953
10164
792405
954166
62888
722683
412346
753120
852849
617811
221029
11306
980584
963955
543976
551935
298534
339964
502637
931305
918972
690531
145338
146244
380998
998007
739659
665343
911004
797656
188817
742692
616115
721677
496639
134595
643938
230188
900653
881193
876145
57464
595526
759325
112255
259351
946818
601267
223909
405397
974365
471397
995570
790002
574092
607379
930577
688402
379720
529059
908455
970675
470720
612445
48483
680066
298884
220264
156605
478823
778261
288735
692190
24520
28208
993939
377557
184153
363201
948561
875072
35100
797018
469047
513456
717090
425363
482181
204383
303720
475495
858495
478681
395984
816899
544187
97382
336554
196625
937400
341668
123138
124709
512644
79780
564916
410032
861059
572210
975962
308223
148594
863590
94504
980334
768194
135660
538704
962960
824097
482842
312413
544174
887406
283855
682623
263906
475839
631181
882845
637295
612810
191190
612293
492553
490718
645576
756500
639113
160170
382873
503172
920466
802424
317782
762100
743322
209437
220856
102828
855423
869257
312697
328980
934180
243308
365606
366469
867428
580453
477894
156601
416715
157310
316115
762059
49264
806199
741897
264868
646573
509797
242919
825565
156071
501826
304398
872203
817899
347937
462404
878223
970148
620828
917824
395514
907990
163831
894823
904517
797761
950618
451822
62358
821244
541351
438955
869608
210438
49155
970467
975287
969442
754353
561067
738367
946324
290383
378253
869468
857899
474757
454446
158946
810168
433278
478968
215711
653699
258927
818838
113690
365093
752674
352312
984013
593772
281487
900290
770816
194814
513922
550168
599119
136086
692830
786599
404626
26981
376913
355314
418027
200390
206387
974938
108292
656311
136523
37965
946941
667725
935500
412249
120405
201634
103091
262169
298413
313124
503953
42789
850
295133
190068
766900
390949
211129
646912
214724
55855
547090
876648
515705
508522
809955
858946
66426
175371
800081
937478
655058
84744
987204
215265
151604
449070
826039
112434
264115
986754
641416
851900
665380
536755
216754
168402
700481
348194
793027
419357
551774
581016
947773
644222
11189
19854
616409
655186
235167
572857
844944
779293
640799
489917
185291
491502
825778
730910
649670
546576
237116
319010
394221
184886
695340
962105
470401
258573
862393
991777
44432
603487
527138
621197
112378
317105
388102
374949
351224
698592
599387
630106
822349
118058
769109
507579
960793
421003
217272
876070
802063
251172
508640
789044
477037
762433
327515
315132
241564
62249
3
65623
681431
239469
864250
187793
534979
375102
923129
541892
530666
898117
267507
982717
818186
168924
476828
245341
534015
173439
338553
785100
215696
391285
849326
417137
243997
941891
802841
322681
80771
219571
506280
143478
895220
574567
587649
409206
989326
866598
634219
927186
719211
62153
382050
680365
325830
994065
499971
127680
436911
525841
825571
263136
544164
718483
830048
475328
52662
891716
710917
707032
415520
75548
453247
20829
6551
89424
613996
107731
238551
427671
263686
776906
531735
872597
449451
235005
854227
774234
624856
592561
938154
18944
320862
515821
462576
770276
128811
455502
901069
872862
896111
560950
773620
305231
863612
473206
383776
686847
253119
219276
551424
701468
921349
634710
182320
567337
89643
293084
759008
789428
937503
76417
52318
111634
818255
331216
496060
413752
371820
772166
872639
145687
20430
304014
417741
393149
172315
450505
934145
642865
208011
258862
725473
284725
301569
329149
769340
385548
460857
880676
192235
173118
954760
46639
691348
875341
545763
575795
217515
968139
860758
516363
564729
270077
163375
228078
460218
158074
160960
657607
928014
620824
847746
869341
729106
327887
562438
781853
654324
753629
390383
691695
710621
726029
637222
379964
621974
173052
841152
60918
632461
382559
226548
749048
427300
22822
492275
803036
588136
592233
428197
100731
618050
236383
999886
313407
248577
906281
438292
727158
598471
240778
860323
193673
337806
240043
505920
86638
800954
615730
250478
844271
474911
37923
229744
438599
887080
804551
51632
598990
969637
34488
520353
619453
810687
153638
617909
867640
141978
694571
26597
918864
871872
262617
826020
804787
14389
784992
390321
649174
219441
318995
146288
120046
163456
595044
666502
383251
865309
988463
368739
9953
249277
665871
778086
349227
151144
710501
708012
881680
58774
602754
206427
652833
700861
722966
162857
532785
505317
954714
270313
142640
827368
452655
65729
466288
142025
480759
312858
29331
864123
59242
465798
906955
764014
901948
638703
267793
788307
97615
260537
876073
845032
262094
26144
319512
836484
629376
555465
603628
899684
591675
42916
142106
850254
5731
315041
712272
473934
630503
491539
438910
111085
593467
160275
148449
428160
481055
272067
606607
954579
8575
89535
490074
820314
924120
202645
94731
797221
879034
607006
666722
77213
438141
189149
313694
80493
547373
630627
566670
894312
328682
924120
196680
863110
25791
387523
638379
819856
229250
143161
565372
77654
852084
752143
434989
222645
156380
697218
508196
330692
700347
92021
263182
317499
19474
236643
364040
45527
390
565770
760635
127687
558248
361520
708039
340198
436320
585841
21417
878531
146973
631545
993182
660788
378376
943456
108513
373905
822188
411382
556569
162425
271162
404708
401681
542522
118445
268514
905361
979089
844256
228325
597722
662192
959561
719064
590133
146243
360355
132665
208305
204841
3594
402192
132151
576396
311424
936558
201594
433690
388262
63495
922327
61598
55034
757505
528440
496286
201761
239705
815382
40104
881967
894320
462833
87007
5043
750395
57946
691167
842012
524443
331780
975506
640491
316076
105052
214280
607068
694964
643485
621018
102111
806224
157369
316044
555977
207685
781648
215099
366373
254831
981590
869055
928745
915670
215123
760981
943348
290120
963577
192250
429184
687288
652470
595792
224297
919791
452208
561346
432750
600019
252760
193592
977673
51657
11574
483248
125569
976513
566939
404327
4396
869945
884309
237174
293034
929765
45229
997577
508535
35838
196270
970756
825928
248842
354485
491716
413300
784545
885022
225627
271521
429006
693405
450023
847106
120108
206165
242942
207869
881790
911593
701834
75847
477422
230126
865749
376277
673135
833395
718216
348106
308608
620192
224319
290181
977368
939806
764671
932182
656569
473965
148641
660832
112062
5497
374345
199684
348891
491996
130377
766362
347116
667840
872058
385617
612651
507646
93848
961310
112297
956541
965310
322409
522026
721166
917405
358981
44770
286385
192705
69283
191339
123931
441042
929290
66884
877099
86493
377079
151864
815953
650271
658129
691819
794497
108899
865966
22659
759406
465029
987743
259341
772807
647785
873349
71539
91246
227589
240626
306101
494269
318930
62701
581844
851148
25501
509680
264919
491066
489436
101994
844005
3091
949806
794955
806056
334352
188916
404569
59915
778674
228043
855924
283951
295589
859865
510778
716641
874310
220299
743465
603753
998104
371844
186330
957011
869186
123837
870621
241188
747032
555053
685097
837262
708854
33043
240420
834740
329848
511050
292936
280415
876547
821623
918228
192537
240700
540952
737310
193006
128630
399918
917826
442874
711564
576123
728083
146132
500771
570461
583388
805781
713240
728962
908112
209803
371743
492147
656566
428938
543373
418964
956693
528465
921228
599142
519077
179000
776985
862434
664215
955234
13085
874402
777176
56287
814043
554396
635865
577130
648597
528806
651337
569178
22875
376933
703047
458123
944575
904054
28178
494394
425155
986303
63615
940070
213407
930162
723959
848291
20883
915562
388988
259534
19680
703031
187293
131535
226570
109582
346248
94111
383580
381077
322179
643383
908782
475679
940232
929780
303236
351391
504349
685682
671755
646505
369331
951203
284709
34770
258237
228627
671817
687922
313560
817766
105823
174481
843539
173426
126379
584845
289060
138052
726096
747425
146697
992616
152911
406448
640589
958389
21430
100984
871058
580529
754781
757646
891506
174436
94246
639526
96142
511501
874761
802805
709517
174326
253347
57792
101046
910260
299513
785074
780818
257914
794295
725573
975572
752354
969020
664065
428020
119006
693851
942865
179191
987613
82937
613106
164074
986039
625517
701890
13620
861435
882400
158998
677801
238579
907505
3889
360642
950316
373069
771809
881947
545843
926760
560591
735935
83904
870991
452978
500199
965740
542872
997029
301196
62672
92977
316158
473231
809008
951097
489879
553167
403
783447
431836
244908
242395
20014
306043
509880
627545
781042
26775
920809
558124
284846
339712
268386
751736
594301
171991
12825
504215
443882
645402
836085
918917
767514
710269
810299
643148
962786
912222
270262
285020
258726
443420
891208
168509
499672
96405
922997
332766
543049
984289
222610
569425
179150
308538
442972
362560
182434
493617
353960
675516
857351
256685
142896
120771
346282
656829
846047
314042
928398
83351
570856
230816
451429
472514
767473
14653
230777
798647
853389
682687
338021
853506
661211
485510
145614
790541
641465
684917
810659
678492
854240
978869
154069
871351
511157
87312
132909
309087
665185
257506
935986
583338
964466
137809
645596
101448
666349
821396
101727
341702
706780
187593
178576
657796
91729
350073
366399
688932
277935
206443
913157
990071
377878
573087
707304
993168
423306
916618
144617
39445
814323
257225
218817
837717
347403
492828
102115
867307
546818
304370
402922
390480
320075
304260
547800
804809
390123
335646
934698
938271
981474
922156
193788
268760
32314
984751
999292
330266
539919
380487
420310
559956
77375
163299
962532
643010
643057
427085
408848
972574
377256
130114
337283
455141
838022
469061
742210
514289
724156
156263
728713
729158
213211
643202
878343
991924
514540
929498
566832
602828
452582
836427
669043
79526
296894
776568
855100
437088
485506
76131
261014
888681
706351
968695
196646
286098
375506
719299
537132
546725
747742
484576
447065
139594
638676
814026
254163
767105
846269
39951
306900
909722
266944
524502
321868
426347
2842
768417
890132
84036
80212
833732
393842
815248
799585
613161
90395
930168
827103
990219
876801
89514
130050
265775
879737
424478
596828
645248
249948
939888
145604
616357
794176
710898
386478
74556
793371
188936
735385
847020
659563
782743
599319
499214
401094
682760
576903
838450
672059
756304
338900
621148
286641
502044
959476
282208
14394
876964
827892
256016
899994
801376
697893
847405
145010
648529
373270
149107
488180
92
556508
130730
696949
223951
99652
480667
753224
600585
768231
757308
217463
92610
148221
594725
299314
451216
892303
570100
514837
931034
368753
251161
323160
132543
164462
506149
940730
296167
566501
41643
751133
452233
983275
187938
971363
36172
815061
658785
709574
140977
880315
137970
354848
589982
605563
406672
398506
194874
517890
217556
649862
775153
73906
871040
287968
793033
519886
760096
64447
932764
441039
885257
166848
597098
179522
561410
506521
189846
36101
615837
44134
595266
391870
685854
554658
37546
901540
772409
957201
59611
660201
514661
975235
97631
522373
551937
331733
191690
24701
66319
384705
296351
661671
211523
277032
30361
171842
510142
34839
417891
919776
201090
960731
369605
562428
612632
201856
833397
750562
862362
469836
762569
618633
29480
365585
8606
617386
83036
287070
702466
697575
512759
15516
726858
563642
8547
622421
684165
182435
511152
998751
231338
233506
655387
611579
500797
3170
280693
558069
358706
420957
445808
12258
985048
979981
847219
11239
865903
957552
967268
224123
990436
515810
267209
981745
486866
924265
629064
308322
803604
134115
573174
174597
802251
398791
981768
870726
11039
491612
676274
577807
16749
452948
985036
780802
999772
389507
971970
227799
769687
220907
956572
498055
941317
154699
456688
841980
976362
30417
111729
409249
700553
546863
68194
885767
736820
949043
985086
621279
500417
623136
702827
765382
891530
577546
632767
535569
284728
360358
177904
365218
848143
542828
264026
497371
447204
470659
590410
791972
692254
95411
212263
714507
16377
192482
329699
16143
255277
483115
891298
674855
736280
874469
892780
584266
552215
2726
810692
238432
435189
584426
240229
629271
792676
506054
334364
401317
419378
899311
332603
801624
875531
745627
932095
209098
533128
278410
198581
803167
788550
178201
353305
668149
61189
173686
499533
770928
74446
944597
280339
601304
843655
120482
492009
343663
644910
569774
49195
648158
147554
390214
855800
203746
603873
9877
975018
447014
274122
137648
932681
53329
103705
587713
470030
15525
878787
449009
796818
104065
630697
742450
553073
405042
15934
753347
663708
444490
876319
978911
864238
979516
25877
827447
776832
286466
552743
864757
705872
922934
272780
591185
821835
483401
705890
222801
774001
721241
174497
115365
506253
678266
52760
548920
626765
667630
332837
734822
374690
576
683689
179158
442830
973847
771954
325480
115489
598857
725919
781552
586602
799674
98905
934277
867389
930622
448422
935216
651163
633255
726416
129942
444400
353260
909163
868987
791653
316447
340310
317815
322354
585842
39257
653099
171508
895255
169531
668776
593105
75951
225048
539052
823423
161238
326541
952443
110192
591491
951251
86585
922894
602048
355773
133910
121863
693201
11934
532847
547454
217
652682
159611
981668
182009
338707
376507
534329
448004
915624
435862
885755
543300
203215
665844
331303
961645
733116
712872
550668
4882
34343
77785
43324
990566
703291
552908
646802
364111
235898
845855
90326
776503
762502
498801
471314
600533
889279
748320
183720
96294
59767
288439
718562
154798
112788
210876
396488
278140
650795
457474
46866
503914
377185
922950
528901
244460
716743
598444
784381
129438
979801
817069
394352
397598
927319
943187
577072
679261
784575
398495
998535
604049
968085
945116
989870
8723
580662
995086
660253
381237
22764
519447
392801
335320
463506
395045
35938
878224
994517
97845
117011
173324
412289
783918
344589
210224
447393
649536
293753
5511
616320
164246
865121
826300
498536
13601
543292
54965
603198
677789
45240
187051
63655
619742
665022
519118
863899
281034
283153
881606
826341
190255
901970
8811
57427
964929
918241
413039
397152
431643
994284
180547
771135
552702
179005
864128
140929
62526
648434
778144
327941
477776
178343
741617
555713
781024
720216
954899
385508
786289
191645
257871
73074
886112
545931
398320
57698
516277
113368
955100
757403
816948
365829
118226
583782
415375
636821
647750
290388
452542
162918
552338
64417
415520
81607
263453
859538
1752
451347
88287
520357
679941
203039
716089
607476
560014
39588
208211
614396
842174
243738
583242
356221
673987
153118
883068
383713
620458
703435
971875
636368
34151
856360
617569
149180
714889
443879
601087
200523
437079
349023
714939
282227
323504
909612
415157
973937
279758
842776
348574
178330
522273
866960
719882
343435
816876
149054
596100
402326
372605
978334
157737
499175
749401
347226
521264
914131
349222
54067
510345
446352
161231
212298
289813
806277
51344
746142
596335
353637
250291
704104
225807
292582
330585
903873
987568
328303
555720
898626
812428
413533
686508
548443
615597
9085
657847
956033
437282
750109
249899
108579
490269
109053
443337
494073
15602
171559
754754
307144
23141
843900
237836
417730
213955
140799
889173
973984
67904
13233
360575
833263
510750
246475
583150
809175
757894
70587
90210
825252
892730
735530
279030
605670
203748
631623
311404
595800
361712
934127
348011
705795
628880
209488
73913
985010
346639
650887
7041
318206
891427
855314
32360
761601
360764
3711
362525
585890
841954
537869
941419
879779
122044
743759
548041
864196
278515
948695
126292
116020
513174
976662
66240
49193
609017
458683
363597
605084
367596
807987
786971
651361
965101
809763
627371
850803
226637
243184
279468
969175
268662
387745
370737
585582
674321
767166
859262
370558
570627
372126
928933
68763
447707
923357
374623
874041
714488
703461
417932
605663
93583
500301
677787
12362
728463
521405
289113
42485
890619
276378
49171
238238
171283
117456
641594
847504
806126
518664
223950
90642
80582
51341
694304
553092
735280
69077
719462
278087
763240
888556
603006
451090
777647
980600
245957
875927
390580
11676
197143
638213
30650
28409
363777
628424
546734
899577
791584
167832
117548
191912
746388
731647
26987
479273
343429
713286
509585
670888
85058
263728
491311
616434
82283
620033
556181
638299
477181
184759
561443
52425
923801
841585
342229
550566
282830
459536
682825
668436
887623
923981
855625
254414
983110
411114
48544
711956
161606
515246
800694
240721
890126
980405
968577
217784
482561
592259
868076
472206
592309
704701
256324
67950
779771
672398
461934
990426
347152
285568
464962
869860
454029
153288
732161
663247
693177
614740
622439
976554
250376
125454
39612
620510
578152
818884
887681
900941
717688
466832
278919
745436
723926
291304
844367
85490
514830
805181
635794
384426
605052
833826
957803
169778
832653
247839
508800
478842
93971
22267
167270
685343
981357
967734
51150
485328
86782
218984
635364
160488
727406
764923
171508
887231
343337
173209
476693
989738
792010
318271
987125
882585
266309
862793
708546
852069
514740
288455
980209
673946
465156
132867
608679
770094
69917
831855
850115
679307
550662
895763
714671
782803
618411
297638
281281
433682
264351
952046
445574
88666
882619
852566
859284
746739
619047
986023
360895
198386
531425
652328
218557
462731
381527
895838
971816
645379
456436
599196
420520
96033
664787
560511
392861
331052
753281
549012
174953
788285
733817
490365
717344
696564
520078
986278
650843
269292
987993
466398
990108
999573
41026
370706
69137
731837
217121
333990
117547
176138
697734
186800
847156
953397
140622
918431
597200
888679
679007
507097
867406
221173
419556
894900
210214
272207
965446
602317
874405
818359
76595
53472
512730
524275
521397
150211
35971
429678
988598
627441
26388
411667
341970
206071
656716
945294
994665
574928
643237
457415
51110
819661
956567
407899
20403
848360
183057
961734
223244
217614
626901
952665
842502
753483
950035
657824
569785
231231
427834
993907
840483
825132
880818
579373
330075
333495
795694
231422
646078
200675
993399
300611
235929
377786
29150
826317
798479
15492
316766
693564
112556
317891
606881
567628
984949
312674
930683
476821
131935
946171
719259
874212
586087
153950
856034
136012
450113
348037
147115
17682
127668
234640
720977
739632
202364
371478
31913
244077
289867
712980
361859
400667
507349
101871
766940
57970
97551
177655
176010
536978
971350
818587
907665
696308
228195
425428
559843
168576
623026
846844
710450
844966
157316
415133
583501
701131
271597
714677
879755
713938
469592
663251
755990
73831
599539
185034
174672
53949
525722
831046
252439
794675
108175
697865
383550
873538
255073
59633
26427
61498
371442
427681
422268
469349
584364
206820
248101
910354
884069
215542
811487
601249
923237
355885
16775
877718
488384
436718
273067
405347
135150
962930
326854
202476
262335
87692
512401
996500
408539
777206
568161
938500
830871
309267
694044
170725
729261
936373
81749
656790
194237
820227
451138
580228
706864
594248
281422
801938
152102
810852
930452
594381
523770
35758
855096
366799
407689
496038
41430
171495
671809
554993
670460
883805
768082
254040
697563
308829
324667
452548
268989
889443
516634
124742
77673
160404
313964
618805
917751
177047
973609
771803
783610
168063
12497
997732
113759
518704
896528
554428
178677
353443
989875
88358
714611
767978
508011
222308
494673
104235
483587
817765
94253
761762
58696
288557
696531
963253
757222
776144
726008
271217
330668
295061
986317
308847
624288
61301
62650
723205
182571
787748
710501
707566
383913
989480
459664
838837
172051
19164
27521
443025
255227
645730
347844
905432
172037
780044
259700
810382
27392
287365
670795
516203
883479
292326
24354
234233
872007
521961
628506
926804
299936
900045
652452
300726
170436
888374
552808
965958
204088
347243
805112
474230
598260
707998
650405
906552
999204
847074
577554
770676
836850
783802
399741
938497
769295
633099
102446
428845
982228
603338
28786
706939
848856
525841
823881
851106
333367
650039
752307
180078
891213
256795
982955
813390
579108
881793
964848
553373
458940
674314
645736
444999
420811
989875
86675
433923
312731
898320
677454
418431
989841
527682
769027
135290
308713
384249
631085
263429
468890
871706
478960
70750
836980
959729
535631
330036
678952
580432
135436
773122
950805
590086
347787
954578
988650
511364
561990
254747
581174
601789
1868
399350
369971
707515
532344
99476
533362
200539
703533
632319
8737
815537
654805
842381
719872
170989
170795
919585
992433
72778
920813
632405
446954
278601
399517
179923
297953
578446
760291
347775
744839
696627
577981
949093
822283
7566
135282
179549
10661
143159
536314
809550
44946
242739
803087
446195
526848
751401
960039
750757
140509
18432
719920
985976
570009
989694
57457
469955
761666
447357
52539
827536
276886
581301
736548
380585
62561
238575
831987
58859
36025
352359
767619
472471
42345
537918
754294
578228
91248
274206
548224
935937
755864
947971
964858
732567
490455
235645
605897
19735
615589
888162
979110
207898
367825
644319
637618
46085
379886
317923
136010
415904
527943
151858
716763
935022
383030
135872
100675
677177
763611
127856
394565
971458
632839
734598
610870
584558
460878
240427
957595
683975
981082
348119
529495
221870
139676
20893
70302
311025
222484
457791
363186
703462
426825
32461
461312
526857
901419
750164
171021
711766
969984
853797
548902
333390
25799
512217
903866
857042
67165
592586
366206
451430
488077
264482
158066
27193
939947
144091
207277
921210
294635
830727
887731
745497
749640
370760
966711
854653
923523
158077
209009
36411
833460
815378
973078
840820
488906
199490
83670
926881
590061
931360
855782
895355
858170
25658
152032
631487
27104
450769
369957
471919
771126
401768
999096
37725
907908
777583
896418
710884
137292
963884
364658
437992
688674
938221
135221
160935
236047
354917
763045
620791
287941
338916
881339
339655
311700
572473
399672
780002
545843
933375
710055
222317
643392
59124
473495
252844
606345
548336
812485
360464
969710
258732
529639
648352
405581
72128
994960
539389
482202
559045
754851
930325
461282
31039
560917
220147
188969
300390
532942
141735
615480
57575
447251
257576
109513
173796
338889
439512
215327
191683
900451
484044
504504
300604
129709
541576
220576
402582
679807
958505
968515
178105
739767
470021
867251
606884
616084
203681
509662
975010
305982
489379
152166
891895
718929
335056
31782
43194
811657
451477
275541
991502
432463
779587
577596
474372
977867
325481
136844
433906
17078
979156
975713
120181
436694
877212
988011
772806
642133
903072
524598
946043
569721
152074
339896
353912
867049
214464
693369
832523
68531
548625
665708
47426
919677
544004
17719
743162
524836
945090
564865
559253
256436
962117
661400
649154
876653
596256
32255
988761
368693
241338
265418
889202
455306
615065
74641
223410
9687
785159
196030
946290
727562
391306
200913
988540
658480
596042
427941
786537
359976
757798
445338
111600
245440
185073
832290
148939
662055
652638
429792
899065
185267
85997
36637
619590
114065
670939
932462
360854
523051
951940
668632
170811
182847
422716
992525
625537
44717
394195
753445
307001
617746
126099
874939
795967
810464
407431
161680
756829
166035
935558
395042
978344
340000
93405
508063
98191
940947
940872
689097
61272
568575
901151
240119
783817
656049
748713
798761
755746
967528
590560
316903
991985
551824
421673
473793
256634
291123
811140
774321
93644
525389
234103
686404
805459
308579
125383
852410
233357
160996
255342
573419
288890
296599
827528
145381
878065
322647
517050
105750
943362
529411
810650
535816
446421
316117
796910
655634
761083
652264
144582
452827
952528
548707
52990
408901
853154
746186
329801
732916
359138
687715
835271
242310
587298
499371
42992
419996
287873
197940
39318
684653
378183
699097
91501
521703
289631
744697
310209
522524
85713
269084
482080
508822
852815
48714
555444
260043
574551
318417
430063
455360
512531
170518
263742
713724
868127
340755
787619
538927
706716
108734
89074
730964
547096
984841
499471
729730
813429
234794
301393
379057
389240
493003
45435
467044
840850
987487
972929
342304
812408
68062
660836
174280
467941
925569
551012
782991
779674
40967
383045
394960
606963
946587
707015
125112
286731
6904
18235
407668
141541
352764
584572
700591
190564
103579
468266
379291
316316
129642
417274
554309
186789
671054
879298
43272
124884
465398
182665
363249
766485
415359
369819
156761
104016
813923
538069
292352
466737
697821
639922
758269
370568
748302
885420
902925
50803
665744
639945
146225
66338
705009
428058
764663
799103
514138
183423
96387
617786
806050
247076
674225
160776
569709
956784
52035
355385
621298
820079
968793
846191
743514
441568
775964
699686
976381
353476
544805
485307
732854
317932
294906
369917
804836
832389
826173
368458
294630
732030
459202
73443
88628
241401
329146
716100
797144
589089
601066
842400
31660
4111
87709
796515
28765
348089
24925
822333
843187
268045
25237
77658
914857
553622
634113
138034
416916
530895
759030
146815
978288
394422
566410
517432
530700
470450
72826
711527
947514
297465
370651
135591
378236
591952
711739
510488
848708
27583
487981
654639
45793
478887
855891
726884
989070
561306
749290
484190
950893
66992
685393
813372
275987
475469
415438
702999
646015
136580
984183
445432
705449
811518
119238
593200
672680
196898
535990
367533
743336
438496
148059
870334
416835
171233
277441
901624
194494
135415
414445
20681
509810
457417
92333
497581
974198
659550
572800
887444
920172
863310
398156
310425
148733
199111
705984
810230
478899
58907
842503
770001
494666
985128
321508
370133
431718
257881
244901
140394
82648
768799
298613
670451
742836
35428
313411
325904
236401
307635
273059
273169
119594
566975
19307
427723
136446
739494
881740
76480
118926
344530
222641
88440
80616
609627
706282
813519
745390
963116
450652
406055
36954
949641
30830
52163
514411
767106
859874
652764
549004
43456
216391
75466
85358
293195
620135
264557
416636
829858
298033
920080
310145
434098
257093
992694
466881
101791
417634
601106
518126
188164
768249
67946
714680
935749
603712
314427
387582
640013
288939
109568
104336
181864
912427
716125
216217
147536
88823
519343
643336
115033
938679
827352
182185
303664
546819
321357
840021
53953
590923
409188
689266
891646
526590
408863
218121
137599
114806
116776
215273
280510
481835
378778
704290
342231
587585
325040
717162
639289
124580
345493
397852
206725
647206
145626
992570
368640
346996
653228
335278
752897
106128
294714
152831
65315
509023
230661
862864
902267
995549
438464
606648
639182
328967
710077
579585
896562
130439
806941
216784
684667
617591
519232
769222
418664
910193
173364
75654
242096
7676
982081
126036
819799
265863
367642
572633
81016
336111
752143
430911
691563
486082
740509
936562
252939
189987
403574
