7
131567
755775
458753
532887
219008
47055
679017
679449
934903
383588
519533
831152
34579
53473
529819
671300
7699
383502
66857
417580
686927
589109
930646
846357
527047
91985
654066
416093
701348
910525
762369
262512
47475
736247
328308
632781
756580
991260
365420
247094
982771
722823
753525
651665
72702
631777
884906
272771
436509
766667
477839
237827
274968
359345
166544
486626
897858
909412
60577
904856
504636
516408
319104
986864
494087
266204
90753
947977
73765
500819
384228
277144
914023
529866
464550
941191
50095
761685
770378
828003
125393
15871
688610
868442
629685
736390
725575
999683
888772
233247
306390
351094
513389
591246
846172
412173
841700
269377
415488
