-121964
-1086817
684290
-1075188
33270
744836
33607
-526636
462533
200700
2124677
371722
1020963
783409
-127840
-336812
-687153
1308421
-935840
-2672364
-772738
-521564
-2015287
50368
-894623
-13165
-184679
-679453
-73737
858246
376913
-749271
1402308
805901
-335231
672570
1211524
46481
-285113
1150869
-1314274
-131080
-470958
72271
1673267
-10241
-405606
-315255
-606958
-1596325
-988120
797139
1104702
-1325568
-971747
1569571
158739
-161903
1418174
-1993639
567957
-14146
515601
-1197541
1116748
557332
-1435721
-114025
941006
-218840
-417903
-1048325
-134845
-1100942
746108
-82443
95849
-66742
18845
1141742
-157848
1327690
1102161
450572
132609
59009
126917
-1852436
990604
-226157
930069
990906
-741901
42636
2004779
-121760
775815
-2856572
1345313
-264430
