-121964
-1086817
684290
-1075188
33270
744836
33607
-526636
462533
200700
2124677
371722
1020963
783409
-127840
-336812
-687153
1308421
-935840
-2672364
-772738
-521564
-2015287
50368
-894623
-13165
-184679
-679453
-73737
858246
376913
-749271
1402308
805901
-335231
672570
1211524
46481
-285113
1150869
-1314274
-131080
-470958
72271
1673267
-10241
-405606
-315255
-606958
-1596325
-988120
797139
1104702
-1325568
-971747
1569571
158739
-161903
1418174
-1993639
567957
-14146
515601
-1197541
1116748
557332
-1435721
-114025
941006
-218840
-417903
-1048325
-134845
-1100942
746108
-82443
95849
-66742
18845
1141742
-157848
1327690
1102161
450572
132609
59009
126917
-1852436
990604
-226157
930069
990906
-741901
42636
2004779
-121760
775815
-2856572
1345313
-264430
-494678
-411972
-580188
1603103
915133
491167
-1241213
561441
552047
-137135
-925457
-988965
-704300
917751
-383382
1203439
-357406
-337410
-449439
-273966
1197758
547407
697498
1322232
-1655214
897075
70192
-1027922
1656980
718244
157694
-148100
-1866577
576591
2470516
800382
-1952627
-1040491
-2133561
-1010662
-155239
-266056
1174033
905076
2038934
-499963
-1073000
324227
310327
-2125046
-154338
1199795
1570406
-395308
1056267
814178
246997
403820
8218
-219521
-1469964
227720
1445581
876116
-828199
-1420597
-648698
-310807
-496045
-830236
2246646
-2494726
254104
-266291
-1806953
832446
-10791
-490852
255869
1685899
-184949
-223971
-948158
289278
-495082
-1576809
244771
373719
1981808
-576552
232541
-1437759
-264059
-1256576
893471
498056
-754734
813921
756391
816666
-119262
46732
648174
-1182056
-1305383
-630045
-310839
-305202
403917
145678
-149959
37656
-100969
50196
-745221
32877
-721055
533790
-270714
-813178
800938
-1802388
798907
1032650
-182111
574717
-1577616
-273071
-1677353
-625686
144427
-1492810
417925
718340
-767221
-2234295
-1040893
547374
-1634304
1135929
1267600
36618
1121601
-1451894
-1518592
104886
259407
-516405
-719341
-1408841
-178396
-1563930
82862
-423736
430306
-2007570
427298
-88237
591976
191229
296617
1284980
-708970
-274804
1199238
1054602
-546400
-1091949
-378367
-488402
-383065
69565
-120965
75081
-124185
759726
355270
1157891
-1244114
71053
1051390
2487697
575472
1972495
787010
1846683
113362
-2924673
23865
-506577
2148904
1002394
-76230
1556978
-128410
1923622
-1017016
958265
247508
-1785065
523237
-1420314
316951
-213983
534639
185820
373170
-694930
1220460
-736305
792834
-1833494
1405521
-37609
-216164
-209799
-1205285
-1896768
-508346
174853
-1783782
177854
1270133
353729
119520
658296
-167427
205360
-359925
184475
1759337
-837945
570408
662921
-32798
961293
1500287
-979902
-42918
-812304
-1073267
1413337
-78729
-3705307
-166516
-761073
331002
-1328273
-1803773
1172540
-1078007
307347
-448973
1140827
2186689
-301837
-551672
1159078
-894731
-417487
-1239687
1116291
736725
179003
-1726534
121010
429307
1064016
-1201425
-146470
1089043
612967
-993963
-1171031
-938546
767192
-657169
-195293
-1917754
1638814
-940772
-1366555
-978686
2368989
1029661
271225
105537
-1396583
780662
509032
1226601
1371201
-1983312
391743
-1703421
-439557
435995
-2025855
-1462565
559089
466130
-421492
1507726
1082541
-502791
1947608
-477282
175088
-817128
-556840
207692
876221
647941
1784144
-1377732
-303991
-919701
-818478
561505
-28045
669552
-669824
83783
525126
5461
-1092705
-1039407
13780
-1056639
1575314
969770
411818
-280974
-797131
604396
1636252
-304879
-315895
748815
331972
1287566
-1019995
-672979
902279
-676585
504658
-356794
1475329
-143839
264229
-625169
639803
658692
-183486
-1548611
1256465
581264
-603141
-1177111
1547921
617597
-251450
1145126
-368002
921725
-1896744
347788
377254
-1940444
-831331
174358
298783
540070
1332213
-760972
-377136
-266474
1624842
753642
-1087053
-390262
-513865
-584288
129872
498673
-1455208
-289190
-1508615
23598
756923
311301
1022360
1491119
1280606
-1014415
161331
131155
-1115368
-297843
837997
524619
-255052
1847862
-488627
-2388912
-771445
1524200
-2840515
-806150
1680644
-638960
-1574308
832509
1392077
-2010808
-86355
-313539
-1003658
-1126551
-562218
-1408291
202121
2449418
311995
-426560
360309
2610021
866686
893125
463120
1191996
-820111
1212362
-2125436
1499513
1507084
-107641
-316602
-283276
-1222337
-798808
1369672
-160595
-811267
683690
-1867139
-707410
51252
123653
-973605
1183390
168466
-496404
-780468
-647018
144996
-30772
63505
-1351359
-310186
763024
1144925
-921888
509905
523952
-1002133
-2846845
1506668
-119208
-882694
820385
326237
149491
-955918
121872
993331
734880
-21799
1597276
308354
-411762
-1127921
-296875
464326
498607
812097
-892867
57490
-695549
1021313
716116
1264392
-154303
-1190905
-311194
-1155137
-1189645
-1359153
1105323
-1390487
-1676341
-60183
-845176
-807184
1158777
162221
902916
129398
1376105
-700374
667707
1255210
-181064
373670
584977
-684606
-92932
-348909
399975
-1265973
1492868
266676
647533
351818
-94
207220
831906
1089438
-537992
-814456
-194670
794315
109283
909451
-872198
-781999
-570753
-1991407
1014277
530976
1642560
278755
-524396
1454809
1011893
1269938
-952083
-1072304
-69979
368580
445740
1293604
-1459566
-1560629
1797395
533800
-1645709
467158
400120
-439141
533665
-1110626
-187995
-663404
-1504520
-35763
788709
-295398
334480
-42210
-1097459
235756
-849839
-334
-427055
-1114053
-501509
-660572
-670632
783374
882527
2875124
-1052785
-1776412
134815
816538
1261428
-409599
-521475
889167
243842
-560561
-498817
-439124
318554
-259188
-206261
-333684
1104207
51221
170378
33851
542036
938517
-1324662
1640672
-718353
-2582201
-587904
898509
-2586966
-938866
2069700
-470953
1900914
706576
-1299027
898999
-694606
-804581
-191849
1704298
-136291
231246
-279407
1970476
1264836
24122
1379835
-527789
2118171
-707318
-876050
930406
519605
-577188
1114848
-416563
508175
-381590
-501852
1520623
-1711605
-1194807
534131
-488726
-82493
462108
-604216
1601030
115237
24437
-1116267
754307
-853272
435652
-711468
164863
654393
-835678
534448
-448396
-715020
-877411
397685
1087502
1736227
-325819
-885299
-194009
-1544333
-385165
725311
2142163
-2075470
-381180
-450933
720478
719389
394936
129557
-1332054
-918376
781729
667401
-543058
-2215565
-188081
-503991
-890038
1187996
330842
390987
-1374391
-473128
-847912
-355439
-100426
-828220
474125
1809000
626594
-1229654
-149648
1951042
1637367
83723
1766809
2520708
-746457
-878567
1280425
-1155757
-311167
961826
-480464
-677881
-90101
-1176523
583126
-1011933
1437090
185589
-222939
1705367
296977
1797866
431885
967907
1041691
-1177335
-439389
1088364
-1064580
-1331222
-40421
163811
-1573600
1268211
-1169833
1210929
365003
-508015
-284430
646510
613449
20929
-79666
-1116903
-1170648
588912
780780
-387947
-781388
925076
284038
1204659
-487890
-537869
182034
-1717738
935587
-662542
-484172
-371385
186349
-573884
-687682
-551729
-1089408
550392
208116
616012
1165868
-569919
-748367
-15172
-443449
-252439
302513
632942
-545914
-1323828
182586
-313225
559122
1345883
-1032464
-1903332
903425
-996957
-1171953
516871
193502
-646772
991339
-419797
-168647
72994
-1402318
2227386
856847
-469711
-441634
-165096
689887
554710
-559788
273554
1250580
803724
1228589
-1315744
27624
-332247
-1698869
2520487
411943
-795570
1255189
141514
-190258
-996020
-331577
620160
1662154
-172836
-606204
355576
-918319
-1268683
1326201
-920898
-37777
-225581
-1052714
459213
-1590262
-392037
-354945
-836447
208911
636062
-239009
381095
1317971
72243
1370269
-1141617
1556191
263661
-1351194
-1049277
897015
-922063
-732450
-1908055
77337
544505
935785
-582921
-473768
-503163
239747
-344252
-482739
-359384
978501
629634
-992353
-675285
-565399
-961700
-527888
538523
176899
-303749
1475345
-371726
-860561
1382712
-820283
482127
359832
1826485
-936054
-495301
2289717
-759635
867449
134699
-839381
-784968
-432094
956430
832878
179939
-410008
-31046
-438484
-1372313
-410641
-397064
422909
-137833
1332949
-1620978
-982412
23223
885331
-3749158
1224539
493239
-274083
-1899474
343050
393851
-114170
938794
1789512
-2306405
305339
-595811
50335
178119
-886582
1105209
495276
-1070950
432905
824905
1183010
197713
109836
-172717
-552803
-553119
-761901
-815498
2716284
919650
585389
-1659178
861672
-602580
671687
-831721
-651834
1063506
1786544
-1410170
-348880
-134761
417515
-346530
-454550
408705
-813343
-966393
882999
-1532728
1232617
-969238
-387550
1126984
64854
-255849
776249
714366
137897
356434
-994019
299149
988446
-2235139
468999
-1809701
443327
-1286179
318946
271507
1519433
1498457
-78899
-883432
1213446
699802
-583633
-703783
-637084
-2223314
450350
-373517
-1729965
759239
-6639
-1686701
-398301
360336
-1776448
-1054946
347137
-1548253
1456047
1703780
-349064
-455486
105613
-620967
-498542
-26940
-764481
-828219
423180
-168714
255063
-792700
-709147
-1191160
664211
418323
791443
-879761
-639449
226252
822705
294548
809329
58592
1136280
-206055
-5942
198451
-1236039
-1110865
920311
-1472140
-438310
-898431
-177303
-1320704
-2371317
1313051
674977
1639740
-1917241
1984068
-1293261
-1564472
-144695
413613
12795
1824215
-800037
591674
-635165
-390884
-336581
-91978
1753979
-771569
310154
-296928
1475547
302636
-1113652
348411
1141508
-57607
-1425096
-749761
1650556
108582
781341
3000477
-1263489
-1132253
309786
-675813
1587699
1099712
-474546
-1114748
-1243378
-1292667
1444134
1244070
1980496
1824890
-1140364
-1053185
812824
457692
1039919
-881869
1225881
89536
452643
49850
-438428
-22227
-1863605
-434462
1542199
-15697
-164266
1889401
-664878
-2170692
1219232
-1887671
-39966
-393247
861075
604410
446097
280573
-1528257
-9521
778027
1300155
-698985
-592555
1879807
1727842
412944
987090
692035
357369
441734
389507
-3173321
-369985
8984
695440
-105162
-31089
1527361
81908
1871121
-212415
-673263
-1111252
-435783
1522895
-1521928
-209930
-1384772
1299630
-658679
291399
-610704
-599603
-518809
-591793
725490
-1623830
468161
-642703
-76944
226821
718094
-38695
125638
1371814
713024
-102624
-1693669
-26776
-1159571
1673146
548311
739301
878372
1259262
-358423
2518315
705124
-900448
930851
-487482
1579224
-1144691
994985
778233
-1208012
-14435
-390070
-249292
-981855
-2079602
-221883
-123626
-557779
-1269219
1938236
-890970
-162699
2620132
-910708
-204417
-715745
-1156046
513768
132914
-636530
77238
94493
-424576
351316
-683848
-1027134
363234
83952
298058
441228
-420612
-1409543
-141631
-929684
683831
700754
-776527
112682
543190
-1597617
684806
230820
59706
1605011
71014
593670
-175114
816029
1693123
-327162
520457
1251766
1893150
514099
575204
1472563
-493227
550810
-296475
611988
-400522
-1999787
260784
-292623
650055
-390469
-666782
724335
789843
130060
1088416
427588
1447367
340052
2261432
452003
-134449
-665890
-1176490
1385095
2335148
175429
-92041
608184
19444
-41128
330660
-419574
-1444655
-239421
1383891
-199056
-1596519
-1118826
577384
-537249
-1710016
-507628
214173
-2265586
974461
-464300
-2282928
697751
414982
-1666594
698938
-583913
-252421
1224041
-835304
713373
1027228
246242
-545396
1892397
275605
-1270666
-1390404
-2432326
-1839796
-829504
697645
-191794
392578
1687155
-272125
324176
-358941
477474
92714
825924
888292
-656899
-963982
-715076
2367004
811959
2375461
-1509735
-290197
1502380
-1739180
566591
55410
-697640
186772
1214839
567505
-342909
360533
1170395
18223
1033571
923001
-757497
-483552
-1062411
-1009202
282256
-1305349
-521765
289079
255694
-271154
633522
85012
-231575
773472
-420250
-68308
-851199
-2064
423694
-947913
1669421
430383
-534701
-1581901
210878
1667
-755338
-66512
-585281
408263
-1166034
2060091
282138
1835900
336172
643487
-241887
163724
15502
-791616
1027205
-390470
477401
426884
-975694
1719825
-376821
-202067
-1732792
1689698
1655275
319726
-679611
600680
416087
-894606
949218
-2046481
-149610
1079238
-1905168
-359727
1252760
806443
-1229343
-42370
-769627
-399549
986911
1666781
-1592596
344768
-411792
390412
-1184374
328540
613276
168534
-273272
-142877
528121
-1620027
-1858898
-65288
-604090
266026
-383295
111038
1491306
989576
1893241
1749856
-195277
-178144
-116189
-1373547
-1236146
-1525750
-169117
1112807
-762381
241385
1559129
422385
-1558025
724896
-1341946
-1299063
-88430
560063
877747
-1088559
244830
521586
-115608
-1006570
-1328928
668036
1083516
-829222
819145
662655
22372
-492216
119912
595865
869597
-2300270
-260341
672029
-436967
540463
-768475
489744
-294124
-269075
-802890
506155
740109
617955
150275
-523364
-298231
-1729694
629386
-235155
-1000678
-221129
-1163028
-822376
-527739
-941479
58992
-869193
541473
740129
819674
-1469938
-1308574
-1267645
-523439
-986579
-800001
-776623
23710
726829
79354
888272
-550654
-1608513
1345221
719337
-806151
529980
809107
218496
842006
-30395
-375067
743010
-3232
603760
-317410
-1154833
1311441
-1236881
183777
-657315
1210389
403796
-1055253
20308
569715
344661
306946
-516821
-173649
1705678
-2306993
-1736536
728879
-1589003
-846380
1661797
-662934
374132
1055045
-1910778
1364611
-101957
562490
-608149
605968
-87502
-1726639
19462
238894
85187
1676337
718837
-590556
-1233940
-487766
2822110
-927731
-951863
420320
1500245
135245
-94875
-131177
-651388
-486479
-474508
1667124
771508
-227287
11927
106862
-448487
-1394235
437946
-320685
-420694
361837
666478
-20960
-1678603
-1326670
-279669
-2473113
-1208601
369428
598193
669607
-1611508
-1306672
657056
193161
150808
-235644
-933029
296060
-1892722
734278
-702961
-745267
598736
1070512
-748087
662820
1513097
-26953
867303
-143623
1415428
-155382
842491
849308
-86068
1894191
-2801950
525228
-573453
-260600
1155551
401081
628026
-1064562
-829608
-286372
225876
-468115
-693407
-224701
-423563
-199440
-1040280
744292
1795734
-1699911
-1585960
1157180
-1301786
-478115
-536442
298597
-343073
1677196
-193954
744113
2356246
1306461
1760387
275969
-1667137
2240801
916779
-998652
837361
-984891
591635
976018
-469869
160132
-1400818
-2365900
-1114804
-1534313
227346
1115246
841960
-2218763
-152673
-524533
-365634
765925
1311158
-484538
-2157468
-1133373
-1121235
-989597
-246338
-507479
1271824
375463
137175
1122237
624149
258559
-1331706
-77397
468064
684030
795432
605650
-1078778
166970
-1508394
504175
-506798
345700
-1099152
733242
1555621
-298834
694980
-949664
-260124
-83936
710841
849326
99395
-1434112
-980814
152585
-384322
745853
596837
-1130779
824469
-571399
-540534
1375983
-794947
300247
1319802
-83827
-35707
509075
1757164
612651
-167406
-971498
566387
-186002
433559
-845248
-941456
1131461
803067
1833741
-94824
1135309
-186783
967546
19865
-611956
-683594
764796
-680012
-1142376
2030045
2790509
-658091
531399
1161311
432390
359564
638458
195349
1756259
1052096
-21429
112259
1866158
548871
-172500
307013
282138
1701674
757408
1796049
618652
-347619
-17085
-385096
-359771
-1517746
-548869
685706
-8245
1270270
308836
-960547
102990
1720387
-66274
2056225
1249624
-455763
-1287499
332298
446787
391195
2204122
-699953
1444030
1094786
145903
-1191311
288103
1446982
767980
643658
-896304
-734412
857926
897275
-1583689
238122
-565587
692276
368776
577806
-70004
-905395
-673242
325836
-234413
-1369880
1706135
162333
-290472
-541131
89031
574016
-2048752
195478
386301
231937
-64606
1483984
1339443
-570466
-623692
383232
-501764
-749799
-783653
-1307582
635214
673395
-2599205
1070933
607744
256760
1042829
-1581033
-931793
-1234137
-30234
-13250
579049
380456
-669397
-475388
-223407
851699
85360
867741
-1398742
-925338
1885472
340740
-243834
-569653
1329248
673374
-1017453
996870
936255
1323371
1436666
-636914
-1965652
-1408831
-1713213
-724587
1108255
-75227
801063
-134051
360314
897468
-502719
-2012976
-1279712
-183779
-3301829
-320671
456011
-1172743
-463648
743186
-1039757
122466
1457990
503419
-746182
1112863
450348
-794833
593220
-30115
-1546750
595950
51936
-822920
18420
243595
-192109
426071
585110
-856133
-461916
584069
-511597
-444141
547755
632693
510924
-1476827
852485
154512
-222451
-773857
2389265
569874
1270265
-453230
115698
1398651
538901
-480470
-309512
-378775
-2593870
302611
1119723
-884313
-714857
377940
1237887
-27191
1184413
-216380
652742
395262
68780
-192865
-421881
-695240
-725761
1446154
-641624
871900
-1307969
-963727
-184499
-648063
348831
954227
-205461
-116239
618755
679598
-127744
-199935
-894756
563906
-686077
-509909
168524
383531
507076
1282466
1024672
138089
344823
210612
-435294
-356687
1038288
-880983
369503
276254
-748277
1085540
828021
838846
-190591
247753
843459
720471
-104069
-1124416
-120119
614841
256395
565443
924157
423291
-799167
560950
807657
-819018
75307
833641
-2520484
-510401
871924
711595
-760639
1037644
-1722645
358814
-836517
-1780125
-1707395
-848051
134385
468812
-36489
1468993
-1226195
107393
-2009370
-1013367
1644731
1018621
-1653952
-988010
-557329
657239
-1337982
-418838
-234897
396476
89915
2217059
-1523894
-796743
891929
160736
1518600
2595439
-24282
-362350
179242
198510
-1594070
-521193
180161
-707591
-618004
1074632
-71154
745845
430332
-2926033
-1395136
-708813
756322
570809
-296688
201708
278727
-1538829
-1013817
100472
290432
-363545
-403572
2515427
-523215
-1761918
756089
-411646
156916
-215105
1061484
570055
724662
-234083
284393
1901422
1710192
-859129
735260
105135
-249975
30479
1139195
-230950
132361
781750
942494
-933744
1058019
-2903991
-776749
160370
-333333
471888
-80975
1785788
331165
-881518
328653
-1468726
1091951
1520048
2067613
-2090801
-634931
218163
200987
-138410
2177917
1186252
1150269
-796804
-531544
-770289
-3207
361170
-702515
-1126952
1097269
608491
-154341
444402
2298280
-164102
-364436
1330645
1111500
275592
229513
-337809
-1273111
-1118741
1133657
385523
807901
-1205098
-965941
749861
1428837
787602
-488140
360735
1247626
2381263
-1010401
332470
-716903
427508
990811
-1371134
661185
-1089170
-451624
1261935
-1895463
-716928
-736205
82969
574289
-39061
-1183250
522126
882398
-2505077
327863
1086761
546244
-641716
-145263
-1644571
-93331
-1677207
1016570
41396
-1707719
-1507546
-1991447
560377
665148
-919075
-2260621
-138778
623613
773618
2988492
-366468
-31448
370490
1304008
56413
-1253374
496287
-958208
1283832
-667420
34564
-626039
-1319662
379154
-266533
106759
-751200
-1267476
77557
-501307
-1299103
-768627
-1979242
-890413
-172062
-151849
-1297204
129227
-79469
-686633
-840477
-2259694
-267876
30770
-492205
1856794
315461
479782
940089
-199173
1533321
-3024133
-1033583
141353
-157058
1679573
-1526631
1082986
100514
-2062798
-1256937
-1453982
504007
-814120
630490
-450549
112920
-1032815
1653460
-714857
-450230
857646
1246109
-1236208
-696512
-2587529
-1683971
138480
-1473228
1164474
-818491
245317
676674
-546141
-1230145
-730672
370234
263065
1868776
-23104
791786
16471
-101895
653248
244152
2421996
605437
-592638
-403169
888837
-1459526
1077142
1032992
-847400
-42489
1179901
1609496
759974
1720681
123933
593271
-19903
619844
-420115
247883
-922161
105560
-463781
-555740
1935266
-260918
996373
972787
9713
506174
-612388
776107
552868
-2043996
-188454
-927775
-8952
1332872
473257
-296818
-557720
-747040
-433168
410009
-2794494
253087
-1097648
44277
337233
-1496095
-277824
-1299062
260568
1096312
-272776
-1839009
400172
842076
5077
-342770
-1020922
387175
225721
446676
-1198658
2231785
-53897
-920845
226531
725340
124658
769859
-226976
-630673
-41043
-824208
-482825
711287
1030017
-80157
-308653
892000
-325700
64778
1441335
-1363427
-344620
-2169535
-2492085
-569811
-1091427
1513483
-1890971
783403
-413576
-20657
553656
-1772478
361142
761572
-1372465
-1144069
508047
2218322
-115268
-1296987
1537731
-235472
542874
-826723
720013
-436764
828044
-183213
591258
-66884
1105745
-1734360
-786105
-1258755
716809
-478262
-840727
-157464
1327044
-227819
1404214
-243969
1281077
60500
465826
-147223
539093
-144757
1134155
-93854
1376313
1059958
510772
-1412916
-1290730
862712
201914
224259
-1367783
342312
-434957
-60527
-197775
-298781
100984
-915365
1746211
-647997
-812856
-204042
-83427
998531
-767193
-641099
-649175
958176
2886783
575335
1113825
-546900
755304
1387326
1186157
697990
-987082
250411
1419799
-1354711
594646
410206
1005438
452521
-437451
-1232529
700901
1583920
-859113
1125929
-92337
35776
-603209
-257036
-889761
1124798
-1686930
536406
642573
40090
1419532
-2036161
-272221
813668
405158
807290
66541
-1725221
226615
-97937
1337877
-2060740
432440
501877
-408750
735550
-622288
12342
-839051
199059
898466
-792546
1470805
-1662
-2053439
1258808
-244445
1264866
168882
89560
-190096
-1242391
-2242556
-792920
-877217
-2473280
1543860
355823
1010090
-177808
434522
-1076615
-108838
491915
370131
-1407676
-663025
804666
98018
-2331235
-73628
-1214164
-305104
-944079
1071597
-225146
1544132
448701
1879664
465879
-365053
-1206721
231559
-1226877
-144313
453479
1666130
-1142983
1606330
905707
1390563
1069972
382328
-1270690
614754
-296683
-2756218
-1540198
1885220
-387179
-1575371
1042909
284776
75847
-2119690
-633846
763870
-1556227
-145056
21481
498267
453715
1196230
141438
161336
-28842
-127604
-500358
-396910
474319
-959686
-340889
947624
798872
-720877
466822
-783578
-846034
503597
-1762922
39928
-427920
-818315
-105049
1114390
668921
1273748
-686744
826117
201045
1221723
-451430
854077
-1059863
-3236139
-1638336
-516918
-499736
537932
459152
1276196
213602
-686753
-310424
1000841
-307747
275671
131650
-220671
718541
-1011494
-650020
-269857
-1096209
-759790
83415
-577525
-334487
-898837
951504
-1774877
309098
889947
455885
165222
-1247442
-1774328
-323669
-1145644
-1707508
312675
1252923
927481
-433775
-1308021
685658
119842
-697203
-106064
-1615345
-23735
193325
-319091
246807
1938040
683951
-1003296
1203224
475240
-1029202
-647832
-696678
-809529
-794195
986617
594968
-978587
755241
172182
2054124
1259004
437664
-15492
1004768
-260228
1501213
-44314
-377815
-1458456
-1022730
-134806
478135
-322161
-212278
1887211
394038
832693
-973375
1108580
710329
1201123
-1485465
-1235428
-361135
-872729
290923
961517
25123
533308
-526261
-523934
-726378
-99040
1335690
1046212
-1679883
-244778
-592776
204252
-735524
-1033175
789983
-1751227
1222558
-37954
-750725
-944894
431255
716512
499210
-1347780
440953
-123790
-341423
-496165
1218753
198605
-1810317
90130
-472685
494104
-1371937
182444
-1201398
-2103012
-1111420
238659
1331253
306384
-863491
680688
-2770874
-310097
875419
-2505496
-1205126
371657
2112030
1488591
2545946
1057740
-748724
-2196437
-13077
923945
-202645
349948
-728325
400978
1528793
-1270184
773880
-44006
1345562
-1078371
438347
142257
949194
561203
-402828
-401528
-1060135
248105
506818
-103584
179141
-889117
-676724
535132
183810
2249993
-502092
466504
-698253
821543
932239
833264
-794158
341649
96343
22403
759816
424313
-473543
-617638
256317
1522831
-823697
119691
512549
-51882
987216
-587907
-48892
-1000
-1533359
-406225
961638
-1464491
53066
-432977
1211923
-772548
16233
-1298162
656207
227649
925673
1360054
-250176
479332
-1241336
-212222
-281247
-678483
42268
295255
-1011327
-1408512
2045112
-75733
-542740
-348281
-1298587
1093733
-96243
-148945
-334871
-19036
623533
1019566
-48593
1176105
656177
1031213
-1091145
-859154
-1061643
243875
-1064137
-539390
-1257450
1321522
-1008489
648427
28781
193238
-27035
1253063
-403441
756822
-1562091
-874413
-576030
1067179
-1079438
-1532613
-1213495
215612
-970336
1898733
-1690818
-2448813
-1221713
50373
831788
1331451
1135159
346695
-776873
-115480
1001836
-978193
-963287
2890194
279085
-320517
52878
888052
1476583
-405957
427807
1192554
-235095
-411928
1874530
-976870
157367
595346
-407628
201908
395594
-354846
-4802
1510871
902406
487154
643977
1363080
-1822826
16160
-357007
551174
438244
380160
-960347
406067
802914
757976
-499425
-401152
633630
-324411
-2292721
257013
-929699
-490131
101240
671920
659168
363150
1189297
-1638328
433088
-2475288
-601770
211436
171452
-1839447
-96460
-711406
-388071
-403412
-547043
7556
-117748
-496027
909594
123595
118451
338203
20965
447451
1564214
-1117366
-795318
-540469
72543
536206
643144
-765907
2299460
-587397
1334075
-1530339
1002117
-1081181
39425
-300721
-1157626
445700
-2059458
1507925
87446
-1537456
-773992
-405588
-367944
-1182101
-25090
1094078
-1355241
2232503
-521265
1322850
-713957
-696333
-1216654
-7243
1153093
-2241105
1469420
1447241
431633
1478678
-2161981
548509
678427
-2142426
-3348695
-311605
-77758
56079
-880549
613677
-12594
-358636
792173
369772
474437
-1472483
106891
2323681
858739
-212522
633562
778067
-677672
-889538
-511244
481298
-988625
508924
-949330
253048
842182
-1891395
-1190812
1604166
-1104083
-161739
117918
-601404
-33824
-320748
284514
-464972
1467879
-551073
381362
-44301
708036
-414838
160476
745033
-1530688
-92238
-599513
344564
527398
1925060
1207973
862158
1356787
476036
-922047
331642
892723
-355399
-1143629
-1152210
1786062
1000864
306008
716910
73257
-797949
-796323
175967
-1009166
280913
323681
1909265
-447793
-1152417
-2083647
-1689871
2003464
522086
25093
233100
1014651
-399122
-7304
1540119
1465455
592899
-282382
-538715
-415343
-495871
-336211
-1750318
819248
7366
557086
-1448368
205974
-240880
600642
-138969
-929406
1638523
584902
136612
383115
-2355429
-1042223
-1634672
498518
-574016
599153
-1162381
152872
-382999
451678
-1182001
-1806119
156690
-166417
204894
-1517823
-1930222
214077
-1300848
-122379
1523335
830812
714264
516513
-324145
394201
-2482413
-214742
-967781
-663651
2059684
-2163038
1335432
261772
-599479
478873
1726590
496006
-423269
1761990
842416
281127
894577
1483153
811103
-1268866
2032655
-972963
1183516
-1616430
-623199
314820
-2152802
838210
581549
-1707657
1285535
479993
-659225
-2159299
302687
-1246393
37637
-172430
-80802
-1475385
568271
-696534
-1127036
31385
275115
578430
969190
1563997
1145067
-1578203
-396296
-2896807
-502203
300948
-221347
-190732
-590785
2652195
339761
-304220
191322
-316902
562786
-638288
-1002425
-1394509
-1268891
-652765
197221
-1360646
-1378056
131134
-1034384
-644844
-382257
-752333
22649
-1603695
1279352
1230255
-568320
101148
369582
-746091
-924734
-777323
-1390625
854411
414440
739611
121621
-2106043
-879497
-631670
1647781
277197
-634237
-935783
1012740
457082
-1062338
-589146
652833
235583
-508948
906498
971868
550418
1407563
-720302
786565
-1247308
-450936
-84149
-289767
1434022
229377
332933
-517174
-36884
-111380
-862711
19690
-847249
-17844
-1099974
2689561
780446
112973
-1275692
-926954
711551
335500
197461
152182
-19040
508253
255560
1019956
823850
-718177
-2084936
-520386
-2334484
-1780619
908892
1092415
-1375987
673990
87374
-515575
336262
598985
968253
-956914
52142
1219605
1265745
1636532
-911719
19503
1371784
816283
-485212
-1017018
1458492
-117012
130802
1863846
-28385
389872
-670979
169333
168302
1165312
815703
1479446
-973793
-903865
1005748
-143398
332087
1002873
491484
-2185159
-544995
-1293982
-42933
463691
1805997
-872891
1424383
-603419
550335
-765692
166730
1814070
355112
-687438
-42710
41234
1666648
904506
-228807
1043248
2982942
1768364
-23522
-70464
-464493
148064
-546172
-625447
1052027
389570
93791
605669
1178293
-250210
-347820
778759
571701
1157696
-709445
-335626
167377
36860
634052
1616177
-159912
1138345
-878901
651956
118483
-2263508
-311408
206410
-159149
238538
2048906
995679
-795785
488289
-1595027
582053
-83642
1040449
561017
1443798
102476
-1302215
-465291
-294027
-1412230
-671784
-71681
-263890
1782511
-1646935
488008
-320303
-8921
-367717
-660906
-411154
-1177379
-857909
-2575960
345694
1227631
252567
1090669
923046
1800601
-426512
-750071
-471346
42343
770197
-280553
1077572
101387
-270849
1137577
723153
-1061400
1194530
125085
-1749767
-228190
-517851
67688
1838159
-3481508
-1145895
1048785
801216
-907302
1209578
-827707
1498645
-1277323
-157486
-1032696
-479300
765252
340706
-1451443
930963
-1026954
474547
-1404515
250023
408810
1270392
1185218
272572
1395258
-520255
-515715
1001367
451071
290865
47826
292321
-46513
525032
-1004980
1845491
-257025
-567101
-747570
1050336
-531259
2228586
1251610
-78589
1970494
391354
2004644
1530237
2215160
2147357
1288860
907254
-101837
805973
-1596683
-794514
794966
845161
1246849
301365
-601481
47840
123980
1404939
533179
1676718
-131060
70821
-331387
206018
1588599
298848
-11234
540719
1589110
1455727
-42541
154042
-1321196
1511096
85482
-1118318
-800329
1480941
231367
-350727
1627938
-1294568
-803697
2268833
-1135019
92527
-1020615
-1906854
924032
-89339
-434524
44698
-205205
-2283107
-664941
-947643
308970
479956
526721
-459968
-11162
471166
169051
-782664
1286110
-617657
1422904
-1022148
-379326
-524161
-786555
974740
-356846
722035
1018756
-2237505
927499
1359036
2390858
-599032
-2429328
758806
-7206
199148
-245417
1610035
-1325250
258988
2298537
654079
-967043
-130873
-1133426
-641655
10349
943260
-329610
-436756
607603
396622
198207
2406893
-832649
-464561
-600974
833729
1894635
-1654155
253584
-32960
379041
2198452
-1881307
817369
403280
765708
201001
-523851
2626601
1002894
809179
-1222519
-1374250
-769522
-785900
-82761
-850995
646924
-852103
1869801
-797957
-2041514
669628
-513386
-812849
1871943
2058135
280157
937562
294240
-430691
394958
-358169
-1138820
105803
-2130657
161126
375849
-1523693
401230
1114266
581807
-1331409
2615962
970119
-739377
1960316
265985
825803
-448961
255532
-1182083
-778150
-446432
-695357
-312913
2386262
1958145
1103387
-1305396
-634809
2042653
-2216412
1180846
857909
906809
-1084995
789553
-2706401
-25042
612585
-1003060
206452
1902730
153894
1679489
66185
-1755547
-474243
-1925433
534688
-824998
499745
-2051762
314630
-533410
-609696
-1336284
-3209153
-689896
-109277
-477162
1346552
-989685
-252538
-828830
155762
-1064720
-296056
110781
-2180121
-552977
-1142989
-282137
-588691
889193
1041815
797870
400972
247055
-899923
421197
1002342
776324
-923553
32086
586215
1030052
-618513
96071
349356
90333
831016
733260
39403
419897
-913831
1036456
493086
460818
-364262
-1829603
-260723
-627514
439502
1293130
228025
705761
1486179
-477544
51631
372386
-784940
56191
-148305
512531
1467340
-845040
-41752
1199800
122136
297151
-606361
-1604989
-669881
361147
415746
1999673
-649792
448924
-1615453
-604166
-363990
-1298545
-902682
21469
61991
404314
-180135
742165
458228
-782095
1225599
-75930
-2028041
-61841
-1543126
-413543
-239544
-496287
-854022
1110287
-785853
-912729
-285791
-392617
229363
-466685
-328992
1631505
1145573
45532
-1464628
252392
213111
-736430
-1681415
-694570
-1095368
-856246
-2437921
-982272
1572632
105651
748784
1550821
-1515447
-807548
-44007
-30375
539930
176326
193340
-1316038
306134
1145873
272018
1943268
-347377
-254232
-95912
-1494727
709531
1656176
-653368
377634
1663877
-1156729
-733084
-306705
30967
-1206863
-1618433
1007453
-1033966
222284
535627
-1291790
232993
152899
-375217
-599191
-1852465
819154
-556047
-2742530
-1172374
-618045
-1126001
-219979
348194
-1325881
-503479
-625722
-447138
-272082
-1465285
-1074303
895821
1549499
1579531
-216841
2391037
324733
-874716
578547
-906338
1088121
-582798
1015064
501895
-749878
-266746
-309034
-456699
-509993
-1067178
187888
530837
-736313
-1055613
918744
-1034569
333434
625683
-1253222
-1094754
1131458
-1346709
141353
-708179
-1528886
-260969
134734
765913
-1203230
1442314
-252466
-714084
347829
1508969
-2308896
693116
1401340
-536321
248068
-273095
1005753
-274930
38313
931667
-942433
-586922
-1160107
1285072
69994
1075733
-200768
-411225
-1299241
59090
51899
-470893
235445
-1761758
-2506683
289389
-832042
3207857
142998
69214
-1350485
113526
1192306
-1400649
-542581
-869773
-3158880
-1855506
79070
481164
824023
467897
2087120
1483289
242276
337471
-888078
933589
729390
-870607
270699
14585
204563
-126481
1250937
2376132
298494
387620
538989
-806247
244939
263348
-1166333
832293
-1526544
-259711
-354581
1205437
861391
488455
531062
-1262520
-456297
986840
546326
1406183
-125896
-601179
-1816177
894974
-112727
651129
976862
936698
1136152
767367
-1901558
1034355
-1092968
-1435573
-216811
335129
139385
1668006
-252457
-866822
1790022
-889250
-523009
798575
-1983526
1294007
1075235
-1096259
630595
-377827
-1188108
617727
-427445
-1181316
646335
-1038403
-6929
70729
-397033
-400237
859873
-220932
-197746
494633
-1260103
-697959
-70250
101290
-271305
-326997
567566
-861472
360836
-574147
1367668
-1549553
371749
-1282759
-136613
1065736
-571033
-297210
-227568
1065119
1479903
535510
-1608871
-1464019
-460364
359270
-34564
990877
-1696045
-1515296
711578
-1361720
1147347
-476386
782143
462310
-988176
340124
778422
-330944
1466513
1123487
-40771
330669
4048
784760
930518
-634374
-1544455
1139216
443510
-1444313
283451
-570600
-545803
958281
-464812
1532125
1543269
1616239
256443
-478834
-379729
-890994
1697754
505368
1153614
-1229560
-202539
-224406
-885154
-1241636
-115447
-1866575
656869
-593671
-969369
-453204
986084
2396668
-208124
678631
-194766
386260
-1555789
230731
41945
822328
-1141277
-699302
-90323
-752988
-1403151
-916339
-986349
429676
-128942
-144969
-1059104
-4601
-2346820
-1033256
-304825
1652397
-618113
-438766
900236
-643299
264532
-1532909
1256111
304211
403896
1741290
278507
1110824
-905451
-382390
-340462
-1248007
401869
-40672
420541
-742979
-1543065
1489022
-980918
-815103
743718
3217875
-32197
380579
-1127074
-931232
-23181
-459955
-1037658
609211
13905
-213291
-327010
277495
1107352
721111
-68137
-81950
-2436840
92503
-454259
1589989
537879
183739
-1560798
-750719
1253099
17150
-72984
-1109679
-185155
-1399131
-1743506
-1828119
1139468
163736
-1030320
-1722592
-833570
-312336
106263
586791
1950349
217670
-567035
-126543
1751745
471626
-559486
1343377
-812744
168913
-871655
1878967
1334618
209568
951072
131583
-97228
-1092747
1145624
-1622291
1067096
15515
-443715
996616
263627
-682160
-323044
-693485
1013935
-1376074
-1128379
-849148
1314190
-1271071
-1344726
459655
375242
-1721133
-263658
-42518
-960905
-1164676
1073167
2301505
426653
1411123
1409773
416182
-61618
-853794
-2752117
-1786559
14410
1136605
-578788
1859188
-356936
716859
-1135683
-94589
1146374
-453941
-972434
-208819
271887
-402862
-1086408
-200301
-1106592
786651
-1585662
-70245
153586
-832181
18501
521552
-865267
-185962
109559
264565
-494887
-486196
647393
-164635
217332
-1175117
-1157219
-588743
-1429218
-511709
-362623
1001484
-1315186
566663
-272563
-803387
1009790
849436
354659
-622146
-892751
-92289
-78246
2647917
-1720494
-734523
975819
263819
381111
-395486
139413
709300
868665
304667
1652136
1574932
1761382
-53994
-575244
-776659
-57848
-1117739
-1082129
-815612
-800598
954409
545939
-1541933
-460443
-986871
-392806
352007
874086
-60201
-341758
1358866
463667
946512
-129984
-207029
642230
1376274
529270
-302471
236359
-1064385
579869
-334594
-826995
1581844
-383998
627399
-238153
1495065
107846
-216961
-1405804
1741699
879515
2058316
-111074
1028807
-1168458
414916
-459918
1034411
-1374811
-3152922
-94815
-941948
507851
-104671
840503
-617691
-1252289
-3071581
-644719
-1268854
511414
-958348
-380732
-1845410
131645
-1666235
-951508
-787668
159033
1276893
-1515136
939177
-375067
1407804
260502
114482
845893
1956238
664805
1092154
-440585
-632926
1030312
-1723865
-829909
1077167
245203
-708774
49934
604204
-339151
3485836
-19545
1764143
-497120
681542
-220439
967432
-1183520
345328
-1483567
-361336
-345420
-600791
-1036227
-73610
-757789
264697
108965
878275
738621
460703
-73876
-674460
-1213223
599492
-1601604
-1373998
1412576
512325
946807
892555
1018899
222941
-116829
-99123
1614655
-269929
-981676
687991
1252212
737697
-541884
-1105037
1786482
925601
-59399
1269078
154564
-347562
-881518
502162
405932
-1414581
568339
1357636
2328623
1510853
-531018
-1368346
64215
1845994
-1051543
-227219
-422179
-83544
-510698
-1086427
310232
886634
-258863
776870
-563075
390633
-701643
-990174
-660909
-294763
495455
1327267
1323087
676034
726546
2031578
-333534
-339218
180800
494410
-585292
1139467
-1036934
-57917
432069
81357
90380
445866
-545052
-442288
-1768454
-1134201
75930
513899
-1287122
936251
-1502111
-830581
85745
1674165
-619771
535568
-959842
394595
737775
-1111211
-489034
610725
-1760784
-379333
-59475
676666
268412
-1010252
1540582
-345017
-181686
1012126
582497
1381982
987345
1212664
731380
65369
2072807
-1559901
422882
-1296703
540314
670094
16593
865508
-378074
1455305
614414
1715111
-1521417
-248984
873085
-338968
47650
16361
-1356247
-1814009
-172194
743478
819001
-416430
-1095402
229564
-527812
1749324
1840107
-72204
-859966
-17152
-882139
783480
1410807
263844
-323842
1469456
92106
605280
-1397285
-107042
221685
-155951
46657
-17874
-726941
-713948
412404
-1543746
218803
1171053
1425556
991224
-713379
-617521
-1232532
791020
68903
-410092
-893706
-1547095
-58292
-800927
-557889
592343
-1129058
-362892
-189910
666306
779630
-1515109
-1971424
-695067
-140313
-2298563
-377427
247672
-411946
-1367132
296682
-1336513
-564487
624223
-471963
844449
1630534
-1312566
-2133252
-1471257
1523354
-559918
1420282
1431684
-1537977
410050
1319685
-1122027
700143
-453624
-914247
266411
-214917
64287
1043742
148884
-251909
528788
1364222
-18129
84353
63756
1059941
1420268
-1648666
1729432
-1718606
47199
-827661
-1194233
116782
255376
-604686
-281464
-5734
43597
555781
-443384
-81572
980190
-539971
-709259
404586
986997
-1193467
-42764
761747
-560140
-933827
1030912
-137064
-385451
-333797
282888
1299715
-959145
425894
1200091
-918794
305845
-210894
378180
565296
-124928
698432
182144
-141562
567799
155728
-2233604
-900515
367188
1203
-476005
-1044126
1410253
-1244855
-825773
543997
446071
-489442
-380392
113914
60521
-153287
-2101056
-723347
347325
-884949
1761875
925285
-1064468
187841
-1458466
-1705911
1296858
-815043
-55603
-531044
-760733
175945
335641
-719058
580541
535225
256834
549058
-107856
-1295707
1011983
712965
-1265082
-965085
-54495
-1191374
-215906
-125332
-938870
-1965353
2185173
-220511
-1437169
1033872
-989369
-1529750
2657144
1181175
1014393
796021
287067
-215228
-13076
927459
556795
323224
-1180615
-1733036
307588
-155838
-510404
-1030948
1127567
248250
-448442
-1201372
133192
-992104
-588595
233868
483418
948319
786883
-2420707
-2486685
1926398
154756
-148281
800368
-220580
1775371
1243275
554521
-776946
388989
-256977
837726
355224
-713401
-1248637
-1166702
-1075375
943485
-100620
655138
1443953
111119
-1353159
1575593
673765
-1034200
320807
-672831
1280866
409629
611229
-326663
-715242
-1989781
-1014213
489248
187608
-1829715
-866378
463070
-1501961
-679893
434123
239226
-749145
395657
534983
1166601
-661647
1210305
1153674
-503635
-1228910
-730549
-21519
191909
-250377
-34785
-1098032
-186066
-263440
-1077684
267242
-417982
1282328
-1897977
-718217
596493
643896
459930
-1631156
1155086
1539631
256559
-1612258
25809
953072
1834006
274822
-533003
-116347
-830988
68287
827903
-529874
-1023953
-357009
314635
471238
-681038
1036156
-1349993
291103
-160808
-383466
-1468051
-501821
228786
1068900
1959115
2326535
-2350369
-496988
-513451
-615858
1746453
10286
739006
-197500
-784213
-34336
393454
-389918
1592090
-1470300
-1732252
283383
1113135
-54886
-441532
-980634
21148
345283
-1080859
1199358
-1829183
-1017468
-291996
706508
13238
-10813
-1288925
115485
92972
692024
560427
-1140486
1601510
164115
665371
-464884
1130716
763839
-615875
-1398238
406808
-969081
918005
-42692
-2197219
595473
1450472
-554481
-1373564
-109730
-2329935
901264
-81088
873314
-181088
681250
79521
334083
325560
-450910
731276
1587811
-723869
-569696
451536
-588073
-336600
-625626
879353
742132
241454
350460
-2549334
-1107446
2076862
1473563
-790782
-7232
-1219438
467752
-591393
-330861
-213057
398320
1123237
-1507735
-1321883
2712586
2339426
-69724
-637655
-555212
1201615
-908112
-981580
180953
294259
939507
217196
-1013266
588698
1256533
1101078
491617
-1187944
-2829443
1346878
-494149
1933818
1250830
-12247
28003
1330989
-48986
442536
674445
428198
2129218
346287
13300
-454604
77986
-362883
-1054209
725054
460447
-159217
23572
-1087375
-1337089
-682644
2090611
-730184
1009649
-466196
2080621
-552180
960793
-561689
599235
1035341
947336
-1398196
-860242
1793805
174729
900240
84458
-603734
534106
184341
850464
-79266
433162
-2592136
-739825
731614
82631
-100782
-239391
-1266405
-1160482
967867
-40354
-1698990
288792
-1068821
752243
-280357
-334118
-454204
-1100328
-127012
-1772187
-9885
807119
-496063
-289160
-60084
-112606
688512
417907
522685
1201644
438031
510630
932545
922325
751815
-593330
775563
-729660
-1284641
-1523100
-117114
1158421
-498590
-464553
-323119
598443
90369
-1836181
959902
880061
-955290
387660
1543990
-220889
-1670484
929244
-358376
-1643867
-707326
-716616
-834895
199605
85355
-1040744
558407
-334167
-699770
-300220
623192
-277273
223848
894681
-743698
-372206
-859663
1772214
1373321
-1030190
-172536
-724458
278189
-763508
-1533445
-195831
-2056500
-1373999
-322522
-1067685
-1620533
1507721
-417814
-690750
-1488260
1301339
-945374
-456189
131209
112553
848007
-459134
432573
479001
-24442
-331960
-1534689
436785
1425991
336269
-392909
-492730
650762
464760
587045
-279575
-79746
691736
341707
1018479
123010
872314
721535
342542
506220
475682
-311143
1128417
-444849
399288
902086
-887661
41454
-5924
-243995
-947989
-511035
-409101
-487164
1501075
156665
825846
527342
1181230
718956
737133
-1306431
1250333
100463
1059841
-922421
-800526
976775
-257808
835212
536877
665143
31205
-491920
-728642
-604945
335918
-172320
1478080
-507474
1147661
46431
-291033
-334945
-906825
28635
-259245
975057
1379540
-291844
-936615
-448273
-914010
150602
555464
-946697
-2904494
-81444
-596746
629959
660229
-646118
623837
-870719
-156031
-951017
715389
561934
910480
-1276931
225371
-1075550
-391444
-311447
427722
233123
-689119
1697311
-1877179
511211
247414
2397063
-1255514
272463
-1167015
-1552298
-2583091
151
205779
-899150
1133429
1918844
-905739
-941864
-471773
712711
-534337
-1333334
702094
-873952
-334187
1324519
-115643
-160653
913699
-443167
-469984
351287
-767248
511321
1326104
752711
708172
1573277
345658
-284858
-720357
-2407753
286708
-975443
-285862
-1514332
-108996
1625747
-210001
134502
-12126
223135
-1008154
42107
256251
897233
-483168
509837
1220881
-1315048
-298974
-331671
-1265640
1500219
-415787
-459063
693702
678521
1570709
-1131493
-210777
-1115900
-266395
1411455
277524
122305
-2163182
-233530
79030
-833636
-764520
-2299843
-176076
-350368
-2255635
-584562
-129843
464092
1253930
166895
-989883
-1504883
1691788
-901333
-1057958
-960353
39140
1271341
539851
1569892
1968909
1578562
758091
1298701
575665
-1274718
-545503
409624
-29066
-703433
-839168
-583048
1419017
-708668
1435407
317278
-1723263
21880
368423
1653371
-719167
-385105
-1149143
1004767
-48252
217898
-1347339
-467857
812461
1424679
-303262
-1369353
-957547
-2000868
-1533359
292814
726313
123978
-652412
-985028
-617572
-176984
2727836
537560
-513146
1888448
618705
-811681
-348819
-1518316
1355533
-339833
14749
207005
296628
-1383630
-10496
-807604
-699960
-446111
610987
-442921
736754
1139323
332960
-12103
-120820
-294906
100176
787651
1041506
-2000565
85267
173729
-566546
-155035
-1132734
12873
-1690568
-1519729
567738
1146966
-1267464
490667
-646503
-1484073
-403708
-1170661
-489420
1855955
3017041
-352760
-176915
415873
-613594
105755
1308091
-525967
-838004
-69342
560184
490144
-438123
884060
-25108
-805415
-627076
950930
-1587127
-57503
56321
-43088
-1570664
853024
209897
1061148
-764588
499766
-5009
-794542
-467616
627319
256438
-1040513
714421
148128
321567
-1362389
-348853
1601120
-896361
687723
1124206
-1233365
470824
350618
953205
-1531450
568437
-89435
2608692
135888
828981
-2084169
-1009882
733047
-236951
444471
-169890
-10125
777234
-1895036
1631994
-1544378
-31371
-292009
-1070286
1377028
-1647618
335923
-1416283
-320434
667440
696403
257020
-1414772
-456794
-741209
105019
316299
-1680497
-481431
608260
255039
1484391
670265
502728
-43710
501436
-264986
46708
-376763
119938
583203
1670678
-337538
-215553
-820880
1225131
-555744
-1165287
-639668
-143633
-305978
-898318
-1178479
-1144903
-1239594
832387
-1099475
627309
879
157059
-254231
-1461871
399753
-1645201
245074
131121
-76355
202846
46891
-283560
-129152
1613681
-1085163
605705
10723
723050
2141695
427835
1571401
1192039
-1238210
-600598
-67224
-29956
429644
370501
-873442
-412921
-1586466
-92673
-1354014
34531
-2433328
-433903
951667
-2623935
498731
883883
747083
-701797
1376819
486652
-896649
-1294522
-567498
-1711696
1257998
556242
2180445
-371139
64460
156030
-211281
-263087
244010
-1298688
617117
325340
-1110410
-1455866
744504
-108568
244825
766870
662227
-629136
-1894288
-576704
171695
134801
1014967
2015279
2314213
-309333
188496
1258037
-245068
-447636
-497795
-788456
-986971
434743
-587279
-154035
-467059
241443
508816
-1089508
-263810
-169634
1095489
168305
525076
-2158951
1353446
-1067766
-486898
897908
428466
362610
563061
825774
1729679
-2092805
1568981
-2791463
1283265
1224898
-1137972
607465
14062
525794
395615
-564721
-78789
-666084
-1514811
-1422865
-1387098
-1273243
375030
1029530
210097
-85128
-962227
265635
228802
-1380965
652117
-217945
-670184
-3597
-760168
296289
291355
-1342330
1090477
1455993
-739958
396863
-509586
1258479
178216
1190515
-328218
359777
831997
1290145
-586232
-774455
-402124
-123267
-992461
1053601
1113665
246533
638256
-1421038
208891
-59267
-398021
752892
259075
312215
125550
-1474358
138945
377555
721329
2179233
-114538
-379645
719657
-754697
-1384089
-513447
135159
806188
-674969
668006
1960295
-229383
-1509255
-306695
-1779689
-876584
465759
344611
-892153
-1064033
-58736
151717
2025650
209585
109982
782863
125152
-272706
-107110
-2440581
-136462
834342
751686
1083370
-149801
404552
-587323
-779689
-619807
2029118
140526
-718516
687427
231363
1728863
420218
-189738
1818643
-438281
-531467
-1613203
1267994
-1168758
41816
-273995
337968
-223308
-1718498
-742971
-1255383
394896
743962
-620559
178703
-1683983
-162374
-982893
602869
1950722
1654044
-1724398
-3547223
970828
-803878
672382
-828311
1069727
-1566702
-669070
-280505
-877646
-260646
-1718176
366256
-473465
-131437
967442
-86856
353204
290237
-2161743
1090098
-1804682
5992
-704701
-1288436
283681
-1302722
-569458
-980232
724968
1399918
-1741573
-743144
-1961727
2904551
-452091
-1611979
-499891
736663
119143
-866048
-167853
1109055
-996764
825295
-532719
1455761
-1437160
-277616
-885109
-1334330
2263773
2251600
-263344
466267
951851
-1653886
-487795
1637063
-1301762
1060760
675460
456469
2176189
-1703277
772537
-1711879
-1069591
1228320
-41188
-697344
1508105
-2170589
-830284
-196483
211408
-1627476
261960
-48910
2115413
-1759217
-1753565
-943077
-779351
1048338
373569
174161
685308
1345963
-121612
890217
1887642
-860581
-1575434
1089445
-994903
-647066
226040
-239732
-79170
1447040
482912
-410719
1749537
-412537
504175
-552508
191055
-958383
496894
-435901
-463929
1018109
55045
1297675
599280
-15977
485087
-307545
2709888
-1171011
-30796
-152076
-130921
-432079
-866617
-1979658
-815104
593245
-531707
-1422783
360915
309529
-591753
1171142
-829437
-427934
-395676
947722
205686
-67712
482627
-603695
-2692296
1220083
-478292
96338
-2445509
-927405
-510043
416734
366410
1270809
226108
-1614116
308497
-780307
-270859
-2242980
-1539225
-798884
1200098
-1008583
823124
1395706
1335404
334615
-948573
-25891
208963
-693090
-206339
-2309508
515770
-667785
-1330672
433680
1546935
775774
1681264
-983529
-352891
-2716
434720
1123238
-82127
-196786
1224902
565870
706100
-680819
759963
305824
51294
-1599641
-477920
-1243163
-609167
-202768
413547
-59728
1687212
164295
882872
-158475
-1690301
101416
781423
-1028842
-911603
1426072
-674385
1330053
-1524574
-349265
534436
1235667
368389
-1273
-681926
262963
828212
-401838
1705103
1709371
20462
-257933
-267079
-917671
1319229
356703
-383457
-1733876
-32314
-1206990
-422798
244737
-152010
-1030439
1656419
331324
381546
-1725102
-1132840
394267
-771742
-1354698
-448758
-1073911
478003
-1595195
-2812746
68776
-539607
-69771
-989943
-1420415
502130
-466652
587410
-507252
-466472
-1165818
106085
-134168
1166643
694592
-1060215
445327
-1378464
-523703
1872789
-390046
379720
-44652
-1220769
-378033
168722
-836021
353385
-870804
-503253
1085981
256300
528492
437606
1484791
513321
-1194291
-877140
1110635
2089896
1060159
1107490
-1561639
-273393
-680425
939265
8270
511085
630952
1430482
1981911
-270474
-639097
132925
218668
-900457
-710801
137858
91746
712396
1112469
524736
1705295
713626
1249839
652729
-1102730
-249001
438442
624843
-298944
642175
-2057927
-1433343
-437900
753179
-173479
582034
-1263937
657832
586190
-539425
-1257674
435932
-436699
-874946
1175657
2573943
-755116
-685906
-1348174
-1521846
-1849516
-498649
-453487
751885
291205
-1764046
337864
598362
-430359
-1072901
-1276903
-538052
-761907
-1530930
1592989
1002236
712204
-169999
-478260
1139471
-256539
-1669423
190592
-261531
954225
-723314
-9745
262284
-365454
-1038344
1792409
1213548
-134073
926215
-1146185
-674897
1020324
333606
-716857
-1568580
277712
53031
-787892
2615923
-1574476
-2025923
-311656
-1969209
-1020361
-1752279
1044923
943077
61911
747681
219336
190720
-1100996
678663
892351
298034
565141
-438915
501473
-1380835
-1496575
16129
818461
-898377
651225
-740650
-880592
-1210613
-1228587
7888
-740733
63508
369085
387111
292041
491038
1212456
27110
-726064
-571698
409165
484177
324529
-1944807
-2387546
715065
949382
435409
-91549
-666557
142216
943528
155539
-1062357
228494
-366728
-1245194
-272317
-1869569
265491
-2770997
175876
436516
1013536
-457620
-574172
-424798
721829
-316819
-151559
1246024
-444524
-804348
636983
-115884
-925963
619498
362206
850982
413755
407686
-248533
-1471444
-1614375
-1045199
-12445
-1551008
-337960
-1755909
-711683
1755773
293603
-348404
-1148603
-1016702
-232687
640887
452145
-292495
1906533
-760516
-1048217
-1290414
-1162001
-590706
2233174
-1333440
404468
690166
1636411
430402
1681378
372374
560056
-1001774
-2049387
1751278
346129
-334875
-1474503
497795
-1163070
58111
451009
2436995
410253
1985522
782226
909988
1410538
555843
-197504
153334
261305
-1259023
-2799414
-928642
366230
-940168
-1536672
-490401
1083920
-1494622
454860
1235545
112222
502339
-753462
-276977
71981
1176950
2568764
933456
91271
-1520318
-102312
-103215
-367648
962041
-165017
-1549326
-609934
1028172
1021366
24443
-2105674
666413
579802
-1938971
-2029306
-727088
-524870
542223
-1689518
304127
32378
-840973
493549
387681
418646
745741
719006
84487
-632651
354282
290205
1074919
403289
-1740401
1114977
987592
668103
817613
397484
-1896808
1015728
-535498
471549
73914
-861209
1907162
-746405
1533077
1278166
-1005576
673758
-1511188
-1402841
-1858540
1351687
-830862
1472944
-128384
523865
590779
1473147
-1371980
-1202763
-166758
-189939
-1116436
-144085
164959
819923
-1665133
-342742
1238246
-71840
-97947
-729535
-1066105
720008
1421901
-903378
287311
-1858038
-491818
-439093
525123
-9956
-177322
670005
566383
-887080
-260994
-1480503
380266
-99541
648680
-206825
-533930
-1130724
-739145
901470
30989
-1782635
-637946
-2577322
66414
-572212
-848740
-383942
-1200895
-628884
-563876
519527
1639232
-1644837
166155
-1775741
877057
-373088
33501
-202123
-412325
718189
-1253597
1053573
-907421
-39598
1736144
-10116
-305085
-223197
-1590707
1478721
-1762356
-1597237
-1623471
-1897411
-1118793
371244
-210217
-414811
124462
-966442
1197168
-951920
-53928
477169
-740432
-327483
-322850
345033
-1990933
-924818
409095
-536206
371591
733145
684271
-506954
397340
-1214426
1103428
-173837
-675012
-1466470
-2149259
-329622
989279
500085
-606142
1239653
-170079
-976892
2221270
325553
-216952
-2404014
-2603434
678869
555953
-439343
1560344
811923
-174357
518253
1405392
259462
2015700
-1671774
-890078
-522385
196883
-343167
-3302014
-82883
1230514
667970
-701394
259975
786711
1064990
-358804
742838
833439
1235436
1351689
-426163
-382946
-1413733
988669
523224
1118649
140330
-50940
-499223
-23557
-408379
2095898
-184779
-410269
67584
-383600
-7119
-2000909
730403
385839
145761
1533700
-1171409
-1675772
-934930
983035
-1273569
635341
1439238
631445
-2495174
-4032
281129
-309782
1236210
-2710386
-91033
-1549937
-1951723
1009317
-2930411
189855
542707
-110717
313206
-690826
1181665
1259149
-553199
-307296
-213830
-222845
132198
478139
346208
54176
783650
1363642
-1265838
437151
-1186504
-50801
1436918
997087
-592993
423196
-855951
-863928
63969
-767353
882801
-797509
-201203
119369
192120
-621458
95193
-1114032
-1536379
-963188
-400006
479815
-246109
226201
-1020792
-203212
997565
-540114
-253402
-184008
667200
-618241
526114
42441
-101849
-1345005
-670849
597941
-608486
279480
1458773
-1673454
-1920833
540244
-610586
1712388
693684
-1791025
-324858
-909963
934094
1512483
119840
415637
175633
-1147407
74773
-692683
-153094
745846
1359676
-964251
-392820
-261923
-756300
1847628
1769730
-1017064
-746114
754903
-866799
-859024
68291
-159175
-136088
-1127033
1386535
-682999
99819
739753
618020
-1148054
1112382
-168779
328103
230168
-427847
-281154
37920
487941
-481396
1465921
-1800014
-907020
-133108
-249148
-1635129
-448621
101227
-49309
42646
-460983
298597
-2871307
-1200512
153611
685232
958486
577403
2077277
-1101701
1111061
1195038
725040
724567
1367841
-1212160
-407424
250319
911343
-954697
-1695481
-307796
-186208
-1067894
313529
-65952
62104
-1187531
1161643
-509111
1606842
-873632
-1710161
514349
-732163
8891
-626273
-904495
1405507
1548249
-1248903
82290
437026
812299
-1744998
-235116
84249
-373452
-224251
864585
1015613
1026298
826022
-679086
-1913162
135692
-661817
-189566
-2836543
2061592
-1241711
-744341
-6816
-156897
-612412
967768
-1033991
-1289885
-820015
912018
252225
179441
384172
-2421875
1743341
895461
1278923
-959254
1761499
-1247420
219458
-434889
2026367
465233
1141706
1597902
1361328
1489981
-94024
-346134
-186490
482724
97064
-696749
1094738
405136
1421880
-716867
-1610203
-575781
-513308
1444964
842105
1339233
-3048086
161003
-522462
-1078235
513639
609946
-335528
1392670
-1695947
-502887
-793296
1276486
288448
169891
-1679184
-1491452
720357
-523120
405015
-1336180
956421
-191328
91737
117185
-1869959
-646743
-623703
-877987
-597917
1891871
-1178941
-909903
558568
-204787
-63229
-461052
-7299
-1034096
-637721
637618
332794
1990684
360092
289937
255358
-679643
1005424
682387
630591
-198619
1655206
-504411
777366
388940
164056
-111436
-128159
347496
1311512
115014
-12303
-517958
-950365
-240043
951396
845732
-1103770
-521293
1682802
-84877
-789461
980494
-945366
32826
46572
1596629
170302
689155
-311033
-727240
258805
-1821914
-544461
28866
-68509
199062
773021
-24683
-1149582
34385
1224406
-1616849
-1589025
1111305
-2651107
670660
-54117
939227
-53693
705403
2807705
386751
-1309343
919194
-204109
-1265195
694016
-172926
1555144
-289090
2001249
-357964
167950
-174949
1135494
-450420
-30341
-1349895
1805929
-94939
-664493
-804306
-1060102
-868319
-1710549
-1181464
-64602
-1290692
289515
-1243455
1189797
133379
364239
759100
-1703873
410859
440992
-666466
1239890
-1398850
-684944
2022513
1593372
1411307
406491
161400
-1074227
1014982
367991
-267867
-344743
-1089995
-596057
1112186
1347488
755617
-189418
3964
-734758
-2407208
-1303613
-1729056
-655407
656608
-1233040
-109654
361223
1354592
133859
376624
249094
1999562
-1507569
75027
575143
1098946
1169777
1384779
-766910
210375
903076
-26835
-1518632
834940
-950627
2612934
609554
-1407332
-1532276
1668307
-593636
813734
426050
-957342
-1862933
-427821
-73017
1363680
-1971951
441795
850469
-1723284
-320012
-663416
-184478
632870
-680376
-1108388
-1920721
-536161
-1218964
-433903
2300453
-98366
1086822
83120
-425725
20849
840697
-1258851
154441
1004938
-684103
813393
-109846
786469
487496
-1737438
3973819
-588780
-654427
-2535051
-972270
137285
188541
764001
2756115
12348
2157662
-1354360
68969
-1820375
-610894
1551780
71204
461628
285453
822069
223810
1557803
409926
-494360
240000
-591947
-592154
920111
-430915
970553
-2234106
753942
-1432564
-320046
-358680
-29141
2065128
-802054
43949
1005845
-680144
-1340541
-3236
-1749400
-1428430
373301
1012806
2138020
716038
-197795
468738
-1366124
-420209
1218747
-1695057
1290174
470141
-644873
1216251
-1848362
-73085
-950725
-597733
1124463
-1815368
1754376
-200981
-2149802
-228666
1435969
-228392
-968060
130467
139855
1670545
-99556
-844955
-612358
-1524101
229967
217105
441709
-32079
-566850
1375137
184371
-154301
206177
-1141929
-1694122
3436930
-1607709
-1818794
2846308
1084647
681032
281344
1040464
798370
-430735
1622013
-711236
-743700
297449
958115
-847908
-391266
-1140760
532308
686008
-474473
-643520
1286596
292455
-945778
75458
2006074
110892
-602787
572633
-361450
116037
-1572572
322743
-465074
-458481
184020
503637
352415
322078
-918715
-2247388
-1305951
-232631
174646
1458093
1465748
40230
-585985
-333517
-911977
-1100341
-1458540
296042
227921
-739419
-1425568
-149595
791754
1696767
-362907
606886
2085203
10104
-74706
1553493
-1413242
-802716
-1194241
-207956
661085
-328870
-437920
-117571
-852938
-1324978
-827150
81261
1344986
1794486
910160
330586
-667101
-593965
-863482
-792956
74187
-403416
2081941
2016143
719547
-652057
-2190910
-113850
-37752
-448668
912509
805849
728938
1665341
1521776
-1186023
241080
-1632465
-217526
151384
1710518
-621869
552916
-1794799
-396199
-1356968
527587
1255886
489372
192696
514693
-1989838
131664
179487
-951983
-447615
214193
1224316
-385249
-885504
-107264
1736385
1315914
831404
1492552
672071
-2174172
550394
24042
124251
62576
18778
202762
-553607
1182723
-1015228
1315018
774192
-162107
1394429
1032613
-962754
-2381988
1926570
294631
-93212
62298
681213
697778
-974010
1763369
598875
306813
1955848
-352705
-1227479
1480236
253151
632981
278128
-1351667
-730003
-1368935
-321065
-570402
322881
-659990
150664
-1000361
-398810
311926
380068
1127979
1509290
528113
-1034613
393685
643520
1222269
-1170026
-759125
308163
1068773
27044
-2649673
497184
-295704
-1065610
1569393
-873557
-1384471
870625
-972012
-2225911
-706982
-764143
-1158197
-1348534
-256225
-331598
317717
64019
479259
-1544428
520542
-1599403
-1078868
-513278
-1169350
-1600961
3008906
130397
1123026
-439399
70222
-1012008
-96965
-963209
328413
-741
546665
-2103525
1041904
131976
575638
-803191
626179
2691831
1397929
1210937
575985
449596
-1069397
261398
1013302
-59405
-1709436
1082959
43533
-1175057
-969871
-1371709
-1239219
351925
1689601
1130066
-1293506
-1362034
-36735
-2057048
419530
-167410
438281
-496919
1239577
1739189
-802115
-12226
-705844
451637
302578
1232983
-47769
1070007
1321766
-1019659
1986563
251653
-343440
709473
-1295933
948100
-573170
1285195
655249
1019662
-648479
476092
1170575
903978
76523
551038
2014738
186887
-20964
-514353
678005
-672326
1468074
-367992
-924532
320960
-493518
-2032643
-1266340
-201199
1427762
969483
-678431
989883
-1732914
-630578
209026
-1801632
1166113
-1092972
-527002
-476573
756549
1009608
231657
-986565
-145131
-594515
931938
42476
-1664311
1162372
1870580
207260
1069828
55141
-220009
-2098560
-62806
127956
2065273
1208598
726824
-1802498
1771321
-1092954
154617
851360
277595
1514142
-910698
279754
-422397
-740833
1466385
320427
54691
420822
-734146
2826783
312704
1953164
388304
1174888
367364
-2064660
466747
513427
-430065
-792732
-1258156
-30072
1714816
-256389
1733822
-798108
917119
-1264164
-202537
-1321763
1088842
52218
20104
1511491
-320333
2519973
184585
1355641
-115140
534955
303789
-465464
211105
21049
-323992
-413837
668701
-1654584
917368
-1962217
1998827
62504
1289403
512547
-103217
-744082
287697
675445
1387872
-819957
757868
310489
457237
122302
1342893
-115071
-1146276
-2269561
2249550
1404029
1440150
348638
1244769
-259518
559915
1311364
286222
921080
-481605
-1674252
307611
875100
951796
-317968
-1223577
768509
-790797
-295156
324821
-252423
-153490
-93365
-784009
-1387274
-1625021
-958860
364286
-564507
594935
1228521
371473
35420
281874
1848568
-957567
568915
-911480
-904528
166586
-253983
19121
925754
2520
-833264
-1597474
121600
1228816
-724488
213398
-935015
-1655656
-1001259
-203555
-431497
841023
467500
190956
-555317
-596305
-1046012
2119790
-362773
1471217
-82550
1113071
299473
413887
-1523
-1040408
943207
283828
21243
-733837
-360447
1250320
-247473
398935
-830548
1132653
-387881
1107598
-1085259
-856850
-1614789
-459342
2024845
-541543
-644482
-838234
867378
565519
1818424
-310966
845582
395389
-1833608
-59190
831271
999851
1860307
221486
-405417
550245
1302623
1010865
-141238
476714
-2165732
751891
-2586300
-344326
1917556
109907
-353373
-605771
-644177
415642
-465445
473462
1423839
88498
1491383
314544
46711
761565
590150
856234
372061
-1023736
1713957
274154
-402310
93297
650220
-1169264
1508951
-827725
-2012377
-362516
375331
887947
431323
-120717
-1156400
591195
-1077833
-1402955
1241153
899665
-345633
1694
-159388
-671239
-556660
-1495716
61679
1114436
312098
1471301
22148
954801
131751
-745859
-1269936
673849
-933672
1482972
971951
-375128
-1276031
-804675
1712181
-644497
830599
836263
-1625222
-113893
923130
-1336781
424208
-1324081
1658110
-1295731
436966
342253
-1348283
-400049
-581672
1453887
-420033
670162
-2175980
1140838
673224
364317
1037766
570719
-2049779
364178
1799829
-1169392
-1594141
-813560
-734207
633910
-571396
802999
1081602
310189
2728336
-389332
340427
152960
33843
724578
1164549
-803187
-7034
-848617
56285
480081
-491276
-1441326
-890228
-304810
1300007
-317645
-563798
189690
-616167
736637
1412409
-249155
767652
287033
825783
-2330817
-983240
-1054856
-1085745
-430100
387804
-500835
980103
1437268
-510588
1115454
1011676
-403012
-306096
654215
472275
1715257
993501
567008
-1948849
-1310428
-1388345
1166565
-628756
108411
901061
-362088
-220111
418140
-2474215
497251
762510
-306917
-862660
-1110244
-3131106
-397931
-587994
-554686
477073
437766
810199
201384
-979078
36838
-1593264
1173979
-1491449
324067
-1475665
248193
323375
720815
-336172
-557830
-533243
2459261
-189610
-324926
1298668
-1697100
34018
275068
158147
-236882
763962
168283
-184915
-1783237
-1099587
1134008
396070
-531139
-1854741
191901
176431
-379404
-733218
664433
-2087644
436343
-575680
-69972
1856609
-774412
10566
-847588
-434704
1730110
-1593368
-769209
628032
1688988
-266100
363505
-577594
-260477
-320680
1570255
-89019
1054139
-469334
-25994
791485
-1221431
488086
527445
865747
196785
1431998
-8817
-1552333
192866
-1264138
-170062
11619
612694
1279199
180325
488682
-486988
1475350
141922
229118
761294
-181147
57444
1196124
-625972
-83662
-118212
-2407520
628069
-9353
942098
961294
688070
2764759
825454
83847
1134433
858003
-388514
-61186
212519
190795
-282643
1616700
706739
-1596828
-74089
-149979
75570
201917
-1165820
-1264472
-9023
-643194
257122
438316
1718094
957807
191977
315381
2009521
813804
392111
-2395046
-806261
-638019
1866018
838610
653457
504087
-397952
711769
-731897
-1860537
940867
1404962
-607501
-799643
157201
-1432594
-316428
368475
1482447
893393
171449
-978154
952732
1023063
551467
-12843
464818
664731
-1721260
375031
-666857
-1428627
310762
1118981
-1210031
-340016
537514
832648
1396516
-251729
52784
2048336
1686801
-1616259
-412092
-484770
425066
-768205
879785
-71275
354236
-894761
-401233
1296859
-77944
-170679
-263638
120192
1790021
-835447
-854637
743135
-772948
2007892
513822
766060
832571
279172
103079
-1261413
-1785799
251546
-1697312
-182059
-1535367
91390
-663728
-1218251
-1227522
1211305
1155632
418602
-93469
-1846074
598535
2075198
-1763077
295863
140516
1330396
-1714252
-2101666
913374
721774
1420395
1763189
-1743505
-171759
-465692
-421152
1313320
-136448
-968381
210226
-188849
-1522014
-1036442
-173025
-285690
1229470
565353
-324510
330899
-626387
-943827
-642915
-568386
1785117
180780
1025515
-567642
-484487
283259
-1246265
-1002067
692803
-1969222
-144709
-120515
-1193809
98968
1273229
796868
2121909
-1617252
1696570
-252477
1125016
69758
451467
-359802
-460935
-783265
-607092
284213
-144628
-1505466
-927198
339882
647698
185173
-1630121
307284
1066741
340493
-54232
-1716662
-260890
-1759668
253507
220437
1121763
110207
-267782
-1453349
1942837
13143
-2076998
-2566630
-1473234
534891
321121
-853784
-1046514
1619869
1410040
-919135
140464
-933281
-688374
-1224643
230700
202475
1333072
-932646
-1152714
-901133
559711
-1234764
84185
-757094
88015
-1303913
1491643
1457032
-189710
1301701
-266361
539400
609730
-825420
-693615
-221980
-553138
-1203985
1706492
-158640
6631
-759757
521515
497551
1408680
-132357
-556502
-100749
612819
269152
72370
-191600
347937
-1325886
476762
-55792
756202
-876016
297094
-227414
-654455
-51469
-73957
1681063
137775
1712531
386280
945995
825042
-1287517
572602
1548827
74202
-526326
456615
-528048
661817
-461755
12689
-67369
-893730
-50803
-1090972
1343101
1285717
-191291
893788
451605
-979255
-475830
395570
-1105231
-838496
393250
523744
-657634
-472182
-985005
117834
168516
-591009
-352936
357157
-3658
624214
1445997
-1660782
722376
884980
-1150317
1286192
546181
-321730
-938925
198795
1320370
-88862
927394
-923590
963981
1746872
-139492
91595
764903
254877
-972167
767880
-975855
277107
-1842814
1389803
-110894
558783
-1467566
759228
-102759
-782749
-879651
-244650
1470305
1162777
-485749
697297
38556
534268
1908270
-5545
1433361
-421214
208555
808375
974542
602323
-410188
1727209
1490548
649567
298205
1101771
131329
-532715
-520596
397058
-900257
-342209
867067
1909580
1270795
109965
-1014201
442744
-1040715
-1372428
565392
-743315
-1419
405279
-214378
4914
1402155
658947
628531
884421
325082
720031
-788674
-882051
425351
2236025
577838
-1808756
-1143215
-1212747
45547
-490384
770094
-1407841
-678317
840397
-425053
-1959191
1208234
-917825
778230
499406
-421616
-1070065
-300213
2016547
-864365
-40625
-410241
-709332
637731
772063
729540
-1100718
907815
-324937
-1327569
-1566870
612003
255658
792275
82
-113779
176142
-351375
355941
1318621
-1774225
-227199
-2031473
1075546
-1375827
511189
1138214
-771711
297777
-600072
-1108501
-981761
-79560
-2187406
46327
-1288269
614928
2755440
-71289
-659663
641340
-236276
597775
1073280
-1063091
-196439
2287177
844144
-509125
-1061433
232641
-280112
-1078976
-1019393
-2340228
-369710
402891
593416
-62298
-743965
-1331426
19722
322432
413761
1085731
-116885
-489918
743998
452540
374236
-1079285
399371
443686
-1034336
788524
-266859
401938
-1458096
-1287701
-53827
-545190
-413964
-296079
-585724
-1004906
-161948
-266917
-1674813
-230896
1694229
-317118
-1177751
148509
66238
1977107
667108
-817253
31538
-1554927
617780
1191293
2036788
420464
676656
-1350712
2309300
-241948
-482477
-1652457
2330632
474859
1185281
267041
-138054
300334
1305420
2071061
323410
903012
1036240
629260
1716824
-2391267
-751630
346214
-507378
-441399
-50481
304090
-33504
1181632
753690
1054627
-341618
-529900
1653109
-1612747
-1251310
121083
-929335
-125757
-1057734
-648111
-1164362
1708914
374677
371733
361806
455873
-83226
-715336
-1522326
532709
-2066974
-476283
-1272664
190668
-936670
631396
-821556
580024
-2327
941951
309275
1144024
533926
950406
640520
-982974
-1556497
383237
1199683
436862
-727011
-251374
759018
1259192
1377498
-885210
1140963
-169487
-627191
479413
690022
359071
-1394676
-673135
412976
-365665
911854
907439
355453
-955460
1015725
1187293
531719
-1133878
373362
-1568929
1043223
-357284
-480753
-48895
646517
581207
-984480
1173162
-165674
657117
204277
657581
-651462
1887579
336639
561016
-197
-1220737
81273
-1501270
1702006
-557365
-57479
-1455815
-1343422
-58890
1580224
-689558
-2267719
-591606
732185
730607
1416659
56139
-614589
-1475459
-1760446
-183219
-1911242
66519
1319753
615388
134212
-713433
-1178237
-84804
-367622
-18950
1608987
-197937
-847582
673416
889195
781634
-742646
899101
793858
539758
-239594
902123
771406
-971887
-1583377
-173254
417478
106118
140980
933931
473446
-157126
-952458
-1409040
1626647
-971204
479696
-383552
-347751
421666
-370544
-605062
686598
-1806999
-673333
540386
-1216914
776187
629105
520954
-1306575
-1285363
-245790
-410683
-382788
-203752
-731512
-1553316
630239
306361
-379355
-1564679
1486114
-1118326
-1098495
-1334764
106557
367093
-132490
-1248571
-2361537
-1971441
541088
-290864
824141
36313
-806927
1370348
-605172
633644
105738
-471341
1522169
-164405
-883548
-2052523
1040066
-25298
13312
-605880
3015851
-1202042
-65253
107672
-556059
299541
-995281
1486420
64585
-2737021
-1549158
-1327555
1226593
-1415199
-536436
571966
-1586109
-994417
-1611916
-501402
-750777
131523
-706683
625393
1025632
350514
-740718
-932581
1796966
-979680
-418588
1530183
334034
513490
-715497
194101
-2323549
985514
1312586
-1523670
262362
-228203
-96879
-89918
66933
272479
173745
-341637
-955928
-450140
-534041
763783
62430
796416
-744561
-252060
-758463
1263325
1143817
-748599
-1313144
-182647
-1200489
-2113063
180278
134022
534784
-190734
571294
-1915742
-916258
-1548776
1258578
-29781
-40782
1073027
279938
-1663448
1485935
-632398
1424436
-984099
-561129
83680
-6797
-136173
-509082
756889
150851
1042658
-1057522
172019
-364776
642621
-681842
-1345659
42885
-119352
-295704
-409059
-1386448
138105
-207596
288073
18659
1033935
-307920
-1440857
1167554
-321658
-213937
405412
-402337
-35613
-1388269
669144
-751346
1657008
-135450
69393
1192186
-1856268
884093
-1765099
-868567
735207
-333638
-1503624
-346189
48959
-1542328
1687377
893700
-651492
-227593
-111394
271746
363644
-284690
482634
-574604
973761
-2398249
-577278
-788514
782882
-492438
-419406
-950303
1080221
-916478
-1871603
767120
-660430
1698765
405178
445393
-308031
-219794
488053
-976873
-45316
514315
-716377
1210296
976311
606469
-922316
-327906
-2441775
748340
-491111
1369759
527042
1681141
-1086350
-925844
-187813
-694082
269772
1437345
-1274388
-435289
-1404950
444529
-1253117
834218
533095
-785074
703614
-169388
-1112558
815615
681753
-933961
-1314267
275885
-48890
276118
-434432
-278761
610281
-16415
-1033819
217797
122306
995069
1412668
-860110
-111662
-520194
-1060693
-1215141
-883283
514210
-1036905
-130656
1592751
-1215067
-618226
-339801
77898
-432223
-34704
313731
-737534
92111
-303358
645683
198395
-749719
785858
-155609
-51142
872476
594693
1146688
-894003
788687
522806
1046359
86255
-210211
-395286
1016825
-989316
-878791
-1591671
-241903
1957961
44727
-83837
-1084487
-1049323
-768044
248124
-32251
48968
-1126368
-639085
-559628
98336
-51250
754638
30283
340543
-451657
1470085
168327
2298978
384661
-2424978
1222860
-979427
-343549
-452081
-28176
954279
127454
536983
-116212
-1504221
994902
1503514
-52288
92244
533692
-696665
759550
-975633
634066
-695981
448977
-1235248
-812113
439283
614715
156625
1171706
642874
-633250
-361649
-1002745
-872072
-2233422
-670937
1403866
-573401
916315
215351
-264099
121368
-505809
-953254
-50809
-352965
469117
384454
1337203
287367
1113856
-432361
1892774
-212609
1537481
-1051506
251158
577231
-505723
697902
444969
82229
850539
-2286080
1081509
513157
1750642
1247650
-1270978
-923209
330686
-1089567
486883
12572
1853089
-629440
799352
1005481
-704536
147456
-2018731
-414535
112953
-1833082
1378490
-8378
-274715
-164771
-203239
307712
1736001
54877
763919
-899048
-561750
1228396
-835644
-450303
944249
-348291
-268407
-351690
-1368136
284117
-766865
837386
-421927
585014
-407271
-1439281
2055552
247228
32901
-2053661
-450017
-744310
-1293491
-598615
587637
-356304
-711793
-1043415
994439
1765421
1148010
1885540
1126616
-696492
-1041519
-597969
473958
7831
105162
1064181
-1356725
2373610
-1338936
-318824
-1226549
-813297
-445925
689984
-1093222
467377
228350
1748894
-577036
-445507
-774085
257784
1022252
-981143
199956
84666
-1063091
755659
717111
536913
-88781
1774477
183164
-464455
34813
118724
-557523
291286
522760
361276
-790246
-1065901
2062315
2008919
-47738
-1579817
-1070766
-977075
-1678026
2457900
-637907
-527835
113261
678902
-1275045
-52612
2270048
1287231
-2008319
448535
-1001207
259354
-65675
-173441
-1076644
1001924
959902
-141496
296255
611518
-1094607
933338
189281
-414210
1107424
-392678
-178903
-449750
926781
12199
-2113658
-342571
-795767
152978
-1377249
194730
-1506527
372865
1249689
-293898
199288
-91440
-465301
-198498
436283
-519928
1836904
540740
-142473
582654
264339
635533
567881
-1105705
849909
-1244394
311202
669172
923487
-1563373
-990966
-571497
1813840
-456939
683391
-1697467
1230745
-935507
535819
178118
-1386379
-867404
-167279
-1116922
-470543
683618
-991560
-415902
-125447
1369462
1311524
-488694
-1542519
506118
1475323
-429775
-62718
-1145929
464466
-1097968
1771568
172144
-677660
1716953
-350752
880928
1173149
383864
-1424824
656237
-193387
-1399435
24412
-2130631
-1025659
290161
1248905
-40569
-322696
72573
843874
1052505
-341344
1120328
-438276
1187769
116076
-157652
740102
293795
-722368
1829145
-6072
1450064
490373
-909155
-391866
-1177000
-86731
-683261
1384796
625023
1101084
-1085207
-1051249
242644
-662338
269527
-1215797
144587
684919
421864
1103478
-146154
1673147
-254222
1267393
15636
742287
781499
-911707
-430700
947951
1763364
-859871
1724099
2168611
-2013077
-1858286
101336
-1756299
1179166
102973
617871
719689
-2146788
-545848
-770558
-1966816
292879
-180630
661593
1644692
341146
852149
-445770
-912786
698786
-106079
-1993472
-1482092
-33871
652131
-679130
-512104
-1333954
832626
639756
-36711
962039
1844441
-291751
541558
636066
-505357
1128568
-913830
-1225788
-1884100
583084
-680389
-361039
-263280
-1474852
1655407
-995522
-1352526
1193767
510414
-2367258
168008
-1611389
911730
-423702
1571868
846701
-162185
-2116865
968490
-4967
150931
1043182
797151
-1366961
2367510
-746866
-2657139
1178916
-601217
-1613177
-1215967
554189
1125393
-753957
-2069177
-1268781
-486858
-1775710
111557
-959199
-1430756
690777
-1046215
-113903
890975
-374667
-2832095
-228220
-783004
-108590
425134
529060
541448
-104885
1672766
-1533718
-479425
-88433
626248
-1387164
910093
378751
753376
250923
529723
-764094
39104
1774063
131459
714774
1778523
-448102
-212005
-1788781
-708554
-329907
243720
347945
-1304110
-46943
381215
-387842
-1335780
-214682
-618678
-586167
-478289
-508589
54787
-724598
314233
-720445
-1295735
-570184
938130
513277
-1722639
-262518
508097
1634447
-369138
-617902
823546
2269
1320701
20607
-726446
1562443
-382724
267125
278893
863038
-1482200
-587416
1358300
-1448305
479731
606896
-2922343
-817292
-1771592
-685116
736435
-857564
-462746
-1212771
-2335806
313489
1957334
35154
-731698
446013
86476
-1079261
152600
-199707
2475217
-98461
2092132
1623999
189997
-1116359
422788
-1431809
-839007
-20661
-1467461
-786282
-443757
23914
326998
1109459
535229
815032
-181198
223534
-826889
2202432
-1103823
-1148508
270492
3705
-525842
-60485
-127788
-637303
2701929
935800
-742638
735604
2117445
-857972
497799
1269797
-762123
-1239445
-261051
-1844962
-180790
-73523
105835
1096765
-762071
-1580218
133623
81661
-202963
-379889
-716428
957907
-19137
-360722
-1572324
863512
1469659
1805755
-1416629
919972
747631
-370394
353143
-912073
1132731
-1707200
-718709
-360540
402260
-753348
-398714
-1216679
-62008
541690
-923588
1195496
-1227644
231939
241883
1179348
-182870
-304174
842528
-1878163
376397
947245
535399
-1009828
419963
-1976257
-752532
2194926
336153
341216
1592389
-865843
526646
206124
-1467629
-1437917
566134
43185
-250221
1046710
66250
-261733
-1042461
28262
-1092825
-885858
-1209594
-55941
763709
365015
-290159
-388527
-150479
1570865
-1265980
-404368
1560760
-1683751
1117060
642820
1324832
-700886
675144
-2392832
-523073
413456
-443752
-1007262
730542
1408418
-225554
-26868
-127352
-746336
-742534
59032
-422047
424177
814274
-1508680
-301190
168759
-967877
-692572
-717327
-471976
-688176
1010293
-166558
-294858
639791
-97887
-555301
-1258553
-200861
-561038
1739395
-756131
1275970
-751756
-712435
-156772
887232
1275411
408497
-2157952
393
295904
195538
-919268
-860357
-89026
612188
-1374024
-367200
-1608366
-640629
-1932640
522990
166647
925452
-368791
586683
494497
535582
-671659
-2278197
-1271936
-1383945
2308479
1252999
664766
29863
420866
704526
-324427
-768951
79990
-1065632
844868
-223785
-109439
169099
-127768
606766
1498332
-1046113
332721
833421
1848225
88551
740261
618329
-78314
170173
2177287
-497825
225492
-703594
782365
-521332
567919
-988840
743799
633068
-947431
830856
981876
690007
771259
1827819
285875
509428
-654398
-117629
-2894877
-1011415
809441
-1427775
-1259531
-841094
902520
-557874
495176
545774
-250146
-1129787
-278989
-828310
-294501
-515234
755259
172125
-384383
274601
-1965689
-1012138
367900
1112743
-180739
-626828
629790
1712594
-471979
-1562604
-1213762
551429
-353793
-786655
972820
2499073
-638303
-423992
1205826
813273
-1664106
-469363
-93017
1023292
-7192
-1066793
651619
-93367
1510047
257774
114681
512376
-16654
-594301
-66794
980897
-242130
-1260738
400548
1012019
-258068
926032
-989820
923519
407507
183116
1361052
-1991449
-1048799
63298
-138042
664423
1377961
-974646
-303763
400673
-247786
-1275719
590939
-116595
1592958
-711399
-345981
-145940
-1115557
1485929
-693461
-1065075
-945198
884846
-11441
-181461
659287
-1428395
871139
936656
1410439
-999097
-42212
622794
-411523
882874
-854418
-487373
336596
-898810
-218575
1177412
772170
-1134656
718245
359791
-2064019
-1607327
-635182
36706
-1190927
-197611
-139072
-908345
-573388
-315456
839094
-334527
2232380
-181247
-1245690
198125
1023079
-1325348
346725
-288846
-397900
1318393
1032634
-305500
-1020642
678336
745889
1317244
555542
521381
432175
794075
-3066261
213018
908958
-864091
-1393699
544908
-259103
1815653
327962
-203840
-899779
-88907
-602729
-52342
-444634
-941958
-550956
-2320873
-876257
170184
388089
473076
654817
-2085366
-989832
-1953294
-557931
108268
1025364
1224743
-964893
567750
-653651
-2116013
814860
96846
1847129
371645
-332408
-770097
-327665
1644123
-1790119
1667009
-464404
-619918
-282097
1751469
-411223
-2545796
-394149
30414
2773026
-1218704
-393922
-706966
24028
372129
426855
-1408088
974876
221655
-565824
1110262
-1507410
-480518
-560419
53263
72521
193786
1154649
1345651
-974823
1137744
340857
-97674
-700561
-523120
1628182
656653
1079158
-1290154
-143820
-405888
1318332
791597
-1334790
1556079
1986687
2172434
620807
-269737
85558
2203457
338116
-1445810
784986
949000
351338
-715645
-1154514
-412788
-627497
-687439
253916
53166
-1397873
-507107
-434583
-701893
-519464
-76802
-291776
806493
344006
213472
1236478
-352772
1102761
-26894
435583
827949
611184
774091
-991419
-1750874
