999314
1001078
999536
1000202
1000130
1000339
1000939
997326
1002020
999948
999925
999140
998596
1000809
1000287
998848
1001677
1000012
999392
1001600
999027
998429
1001422
998005
998882
999441
1000944
999780
999252
999916
1000160
1001331
1000129
998146
1000744
999956
1000778
997142
999418
1001607
1001245
999437
999294
999081
1000359
999661
1000700
1001326
998342
999280
1002476
999198
999843
1000268
1002043
1000502
999844
998799
998942
999184
1000010
1000221
1000831
998578
1000498
999168
998192
999743
998313
1000497
1001581
999766
998561
1000757
1000817
1000651
998816
999595
1000147
1000748
1000034
1000273
999185
1000184
999424
999854
1001497
998958
999451
1001271
999962
998480
999894
999820
1001568
999568
997991
1000594
1000193
1000712
