999314
1001078
999536
1000202
1000130
1000339
1000939
997326
1002020
999948
999925
999140
998596
1000809
1000287
998848
1001677
1000012
999392
1001600
999027
998429
1001422
998005
998882
999441
1000944
999780
999252
999916
1000160
1001331
1000129
998146
1000744
999956
1000778
997142
999418
1001607
1001245
999437
999294
999081
1000359
999661
1000700
1001326
998342
999280
1002476
999198
999843
1000268
1002043
1000502
999844
998799
998942
999184
1000010
1000221
1000831
998578
1000498
999168
998192
999743
998313
1000497
1001581
999766
998561
1000757
1000817
1000651
998816
999595
1000147
1000748
1000034
1000273
999185
1000184
999424
999854
1001497
998958
999451
1001271
999962
998480
999894
999820
1001568
999568
997991
1000594
1000193
1000712
999724
1000549
998907
1000123
1000077
1001247
1000073
1000790
998152
997850
1001005
1001020
999040
999682
1000216
1000375
999304
999206
998165
999782
999789
1001788
1000180
1000169
1000207
1001763
1000841
1001504
999019
998925
1001417
999832
1000764
998195
1001176
1000451
998858
1000898
1000420
1001731
1000123
998909
999386
1000660
1000197
999020
1002374
1000107
1001400
1001988
999607
999563
1002030
1000468
1000424
1000505
998051
1000820
1000559
1001381
999695
999329
1000672
998959
1000015
1000973
999587
1000307
1000318
999326
999096
1000359
1001479
1000661
1000185
998821
998451
999077
1001901
999824
1000301
999732
998374
1000392
1000516
1000501
998543
1000313
1001025
998984
999837
1000527
1000257
997610
999227
1000809
998318
999166
998606
999685
998995
1001130
1000565
1000429
1000362
1001195
999178
1000109
999682
1000162
999187
1000125
999025
1001187
1000170
999351
1000147
999235
1001148
1000526
1001005
999178
999672
999877
999005
1000414
1001131
1000501
1000815
1000719
998734
998809
998639
998322
1000062
999153
1000810
1001380
1000703
999817
1000376
999906
999650
1000650
1000354
1000540
1000817
1000875
999216
1001646
1000281
1000955
1001075
1000448
998705
998201
999465
1000402
999559
998494
999963
998901
1000238
999497
1000663
1001056
1001781
999477
1000892
999500
999559
998894
1000053
1001328
998358
1002592
999060
1001302
999100
999807
1001708
1001268
1000026
997880
1000710
998884
999582
1000504
998478
999916
1000464
1001119
1000757
1000657
1000838
999283
1000880
999113
999804
1002080
1000383
1000131
1001336
997783
999810
998811
999668
999643
999898
999170
1000476
998047
1001641
999120
998718
999037
999518
1001015
998561
1001802
1000434
998910
998934
998730
1001173
999490
1000286
998882
1001174
999073
999714
1001722
999063
1000576
999311
999448
1000210
999983
1000446
1000635
1000548
1001349
998966
1001000
1001175
1000422
999830
1000472
1000444
999725
998748
1001319
999971
1002526
1000414
1000143
999808
999378
1001666
999643
1000921
1000924
999961
999539
998408
1000639
1000241
1000074
1001374
998949
999101
999076
1000735
999454
999063
1000346
1000485
999323
1000568
1000965
999471
1000306
998523
999516
999639
1000762
999131
999042
999166
1000033
999560
1000140
998666
1003756
998774
998099
999655
1002311
1000307
998893
1000498
1000200
999889
999183
1002722
998339
1000864
998935
998212
1000349
999544
1001536
998766
1000258
999222
1000358
1000997
1001814
1000445
1001502
999920
1000702
999415
997775
999548
998312
999600
1000362
998222
1001552
998542
999543
999893
999170
1000425
998807
999334
1000883
1000642
1000296
1000812
1000208
999993
1001114
999078
998678
1002376
998014
998705
1001828
999198
999907
1001758
1000299
998523
1000059
1001429
1000110
999217
1000678
998411
1001103
999524
1001247
998018
1000460
1001043
1000051
999560
999564
998456
997828
998779
1000607
1000448
999989
999220
1001732
1000415
1000392
999967
998471
1000214
999325
998476
998477
999707
999388
1001628
999530
1000040
1000127
1001375
999285
998325
1000551
997480
1000708
1001148
999004
999749
999017
998729
998060
999794
1000718
999921
1000096
999635
1000086
999857
1000933
999222
999886
1000061
1001609
1000177
999182
1001897
1000516
1000298
999387
999348
1000393
1001092
1000430
1000136
1000668
1000094
999390
998554
999759
998402
998880
999784
997733
1000417
1001671
999746
1001227
1000548
998106
998159
1000832
999301
1000194
1000361
1000480
999035
1000718
1002380
1001513
1000057
1000700
999638
1001174
999515
1001065
1001309
1000524
1000273
999365
999225
999578
1000951
1001673
998417
999788
999590
1001169
1000646
1000244
1000393
1000480
998279
999622
1001694
998343
1000897
999049
998919
1001909
999956
1000772
999654
999587
999670
999385
1001624
998140
999887
1001495
998249
999803
998625
998762
998886
1000765
999576
998440
999438
1000881
998992
1001332
1000832
1000822
1000494
1000122
999326
999562
1000492
999704
1000620
999848
1000237
998998
999057
999940
1000743
999179
998731
999475
1000729
1000081
998390
998653
1000220
999156
999395
1000319
1000660
998788
999978
1000572
998293
1002312
998337
1000665
1000104
1000565
999979
1000241
998765
1000490
999047
1000422
1000097
999867
1000477
998331
1000774
1000229
999561
1000323
998320
998672
1000601
999329
999341
999805
1001897
999264
1000751
999336
999131
1000145
999156
1000852
1000576
1000262
999169
999712
999575
1000201
1001800
1001704
999462
1000301
1000196
1000747
1001671
997758
999407
999022
1001404
997633
1000845
997780
1001315
999514
999752
1000510
1000139
1001125
1001335
1000079
1000798
1000608
1000509
1000348
1001102
999265
999738
1000086
999018
1000154
999174
1000574
1001323
1000085
999386
999565
1000848
1000806
998165
1000189
999031
1000683
1001146
1001165
1000435
1001055
1000023
999691
1000284
1000350
999981
999313
1000010
1001724
1000068
999666
1000449
1001098
1000148
1000646
1000899
999760
1000568
1000580
999928
998629
998292
1000576
1002053
1000234
1000066
1000573
999375
998691
999363
1000259
998956
999985
999419
999147
999913
1000343
1000246
999002
1000939
998590
1001717
1000727
1001111
1000900
999496
999678
999542
999876
998541
998886
1000453
999403
1000054
999572
999413
999414
999487
1000635
1000513
999225
1002394
1001402
999460
999620
1002599
999621
1001241
1000397
999930
998552
999357
999350
999650
1000682
999871
999489
1000170
1000140
999654
1000359
1001041
1000278
1000751
999751
999155
999384
1000258
999438
1000810
999488
1000875
998961
998276
999150
999864
998530
998772
1001022
998345
999580
1000237
999202
1000895
1000364
999819
999477
999818
998924
1000073
999290
999242
1001543
998985
999898
999708
997483
1000525
1000217
1001065
1001906
1001714
1000107
1000252
1000784
1000945
1002910
1000779
999527
1000083
1001472
1001095
999780
1000203
998812
998848
999637
1000705
999554
997700
1000277
999769
1000388
1000811
999249
1001432
999638
998751
999571
1000994
1001092
999547
999916
999424
1002510
1000330
998354
1000095
998491
1001996
999860
1000626
999628
1001307
999502
999040
998679
999619
1000268
999892
1000079
999497
999826
1000154
999158
1002265
1000317
999519
998965
999857
1001530
998916
999494
999184
998345
1000717
999302
1002593
1001688
1000140
1000679
999452
999628
1000265
1001873
1000025
1000104
1000656
999595
1000892
1001036
1000850
1001613
1000763
999379
999578
999443
1001940
999026
999989
1002049
1000190
1000931
1000010
999251
999565
999954
999661
1001099
999726
1000845
999993
1000449
998800
1000924
1000228
1000728
999874
999174
1000485
999107
1000328
997829
1002497
998485
998108
1000022
1000556
998854
999490
1000237
1000545
1000185
1000594
998740
999282
1000230
1001408
999938
1000468
1000095
1001380
999136
999797
999938
999801
1000918
998252
999000
999231
1000578
1001117
1001391
998812
1001358
1000597
998766
999298
999963
999395
999462
1000645
1002041
1000810
1000068
1002065
999566
999986
1000842
