999314
1001078
999536
1000202
1000130
1000339
1000939
997326
1002020
999948
999925
999140
998596
1000809
1000287
998848
1001677
1000012
999392
1001600
999027
998429
1001422
998005
998882
999441
1000944
999780
999252
999916
1000160
1001331
1000129
998146
1000744
999956
1000778
997142
999418
1001607
1001245
999437
999294
999081
1000359
999661
1000700
1001326
998342
999280
1002476
999198
999843
1000268
1002043
1000502
999844
998799
998942
999184
1000010
1000221
1000831
998578
1000498
999168
998192
999743
998313
1000497
1001581
999766
998561
1000757
1000817
1000651
998816
999595
1000147
1000748
1000034
1000273
999185
1000184
999424
999854
1001497
998958
999451
1001271
999962
998480
999894
999820
1001568
999568
997991
1000594
1000193
1000712
999724
1000549
998907
1000123
1000077
1001247
1000073
1000790
998152
997850
1001005
1001020
999040
999682
1000216
1000375
999304
999206
998165
999782
999789
1001788
1000180
1000169
1000207
1001763
1000841
1001504
999019
998925
1001417
999832
1000764
998195
1001176
1000451
998858
1000898
1000420
1001731
1000123
998909
999386
1000660
1000197
999020
1002374
1000107
1001400
1001988
999607
999563
1002030
1000468
1000424
1000505
998051
1000820
1000559
1001381
999695
999329
1000672
998959
1000015
1000973
999587
1000307
1000318
999326
999096
1000359
1001479
1000661
1000185
998821
998451
999077
1001901
999824
1000301
999732
998374
1000392
1000516
1000501
998543
1000313
1001025
998984
999837
1000527
1000257
997610
999227
1000809
998318
999166
998606
999685
998995
1001130
1000565
1000429
1000362
1001195
999178
1000109
999682
1000162
999187
1000125
999025
1001187
1000170
999351
1000147
999235
1001148
1000526
1001005
999178
999672
999877
999005
1000414
1001131
1000501
1000815
1000719
998734
998809
998639
998322
1000062
999153
1000810
1001380
1000703
999817
1000376
999906
999650
1000650
1000354
1000540
1000817
1000875
999216
1001646
1000281
1000955
1001075
1000448
998705
998201
999465
1000402
999559
998494
999963
998901
1000238
999497
1000663
1001056
1001781
999477
1000892
999500
999559
998894
1000053
1001328
998358
1002592
999060
1001302
999100
999807
1001708
1001268
1000026
997880
1000710
998884
999582
1000504
998478
999916
1000464
1001119
1000757
1000657
1000838
999283
1000880
999113
999804
1002080
1000383
1000131
1001336
997783
999810
998811
999668
999643
999898
999170
1000476
998047
1001641
999120
998718
999037
999518
1001015
998561
1001802
1000434
998910
998934
998730
1001173
999490
1000286
998882
1001174
999073
999714
1001722
999063
1000576
999311
999448
1000210
999983
1000446
1000635
1000548
1001349
998966
1001000
1001175
1000422
999830
1000472
1000444
999725
998748
1001319
999971
1002526
1000414
1000143
999808
999378
1001666
999643
1000921
1000924
999961
999539
998408
1000639
1000241
1000074
1001374
998949
999101
999076
1000735
999454
999063
1000346
1000485
999323
1000568
1000965
999471
1000306
998523
999516
999639
1000762
999131
999042
999166
1000033
999560
1000140
998666
1003756
998774
998099
999655
1002311
1000307
998893
1000498
1000200
999889
999183
1002722
998339
1000864
998935
998212
1000349
999544
1001536
998766
1000258
999222
1000358
1000997
1001814
1000445
1001502
999920
1000702
999415
997775
999548
998312
999600
1000362
998222
1001552
998542
999543
999893
999170
1000425
998807
999334
1000883
1000642
1000296
1000812
1000208
999993
1001114
999078
998678
1002376
998014
998705
1001828
999198
999907
1001758
1000299
998523
1000059
1001429
1000110
999217
1000678
998411
1001103
999524
1001247
998018
1000460
1001043
1000051
999560
999564
998456
997828
998779
1000607
1000448
999989
999220
1001732
1000415
1000392
999967
998471
1000214
999325
998476
998477
999707
999388
1001628
999530
1000040
1000127
1001375
999285
998325
1000551
997480
1000708
1001148
999004
999749
999017
998729
998060
999794
1000718
999921
1000096
999635
1000086
999857
1000933
999222
999886
1000061
1001609
1000177
999182
1001897
1000516
1000298
999387
999348
1000393
1001092
1000430
1000136
1000668
1000094
999390
998554
999759
998402
998880
999784
997733
1000417
1001671
999746
1001227
1000548
998106
998159
1000832
999301
1000194
1000361
1000480
999035
1000718
1002380
1001513
1000057
1000700
999638
1001174
999515
1001065
1001309
1000524
1000273
999365
999225
999578
1000951
1001673
998417
999788
999590
1001169
1000646
1000244
1000393
1000480
998279
999622
1001694
998343
1000897
999049
998919
1001909
999956
1000772
999654
999587
999670
999385
1001624
998140
999887
1001495
998249
999803
998625
998762
998886
1000765
999576
998440
999438
1000881
998992
1001332
1000832
1000822
1000494
1000122
999326
999562
1000492
999704
1000620
999848
1000237
998998
999057
999940
1000743
999179
998731
999475
1000729
1000081
998390
998653
1000220
999156
999395
1000319
1000660
998788
999978
1000572
998293
1002312
998337
1000665
1000104
1000565
999979
1000241
998765
1000490
999047
1000422
1000097
999867
1000477
998331
1000774
1000229
999561
1000323
998320
998672
1000601
999329
999341
999805
1001897
999264
1000751
999336
999131
1000145
999156
1000852
1000576
1000262
999169
999712
999575
1000201
1001800
1001704
999462
1000301
1000196
1000747
1001671
997758
999407
999022
1001404
997633
1000845
997780
1001315
999514
999752
1000510
1000139
1001125
1001335
1000079
1000798
1000608
1000509
1000348
1001102
999265
999738
1000086
999018
1000154
999174
1000574
1001323
1000085
999386
999565
1000848
1000806
998165
1000189
999031
1000683
1001146
1001165
1000435
1001055
1000023
999691
1000284
1000350
999981
999313
1000010
1001724
1000068
999666
1000449
1001098
1000148
1000646
1000899
999760
1000568
1000580
999928
998629
998292
1000576
1002053
1000234
1000066
1000573
999375
998691
999363
1000259
998956
999985
999419
999147
999913
1000343
1000246
999002
1000939
998590
1001717
1000727
1001111
1000900
999496
999678
999542
999876
998541
998886
1000453
999403
1000054
999572
999413
999414
999487
1000635
1000513
999225
1002394
1001402
999460
999620
1002599
999621
1001241
1000397
999930
998552
999357
999350
999650
1000682
999871
999489
1000170
1000140
999654
1000359
1001041
1000278
1000751
999751
999155
999384
1000258
999438
1000810
999488
1000875
998961
998276
999150
999864
998530
998772
1001022
998345
999580
1000237
999202
1000895
1000364
999819
999477
999818
998924
1000073
999290
999242
1001543
998985
999898
999708
997483
1000525
1000217
1001065
1001906
1001714
1000107
1000252
1000784
1000945
1002910
1000779
999527
1000083
1001472
1001095
999780
1000203
998812
998848
999637
1000705
999554
997700
1000277
999769
1000388
1000811
999249
1001432
999638
998751
999571
1000994
1001092
999547
999916
999424
1002510
1000330
998354
1000095
998491
1001996
999860
1000626
999628
1001307
999502
999040
998679
999619
1000268
999892
1000079
999497
999826
1000154
999158
1002265
1000317
999519
998965
999857
1001530
998916
999494
999184
998345
1000717
999302
1002593
1001688
1000140
1000679
999452
999628
1000265
1001873
1000025
1000104
1000656
999595
1000892
1001036
1000850
1001613
1000763
999379
999578
999443
1001940
999026
999989
1002049
1000190
1000931
1000010
999251
999565
999954
999661
1001099
999726
1000845
999993
1000449
998800
1000924
1000228
1000728
999874
999174
1000485
999107
1000328
997829
1002497
998485
998108
1000022
1000556
998854
999490
1000237
1000545
1000185
1000594
998740
999282
1000230
1001408
999938
1000468
1000095
1001380
999136
999797
999938
999801
1000918
998252
999000
999231
1000578
1001117
1001391
998812
1001358
1000597
998766
999298
999963
999395
999462
1000645
1002041
1000810
1000068
1002065
999566
999986
1000842
1000795
998528
998734
999830
999206
1000880
1000180
999564
1000494
999628
1002336
1000075
999054
1001075
999550
998119
1001230
1000146
1001146
1001610
1001274
999384
1000389
1001579
999365
999235
1000023
1000501
999857
999837
999524
1000963
999532
999215
1001767
1000041
999893
1001118
1000203
1001225
1001063
996762
999499
1000540
999785
1000689
1000310
999723
999348
999729
999664
999100
1000458
999833
998291
1000315
1000436
1001311
998383
999975
999752
1001942
998795
999523
999204
999012
1002059
998739
998994
999738
1001505
999954
999520
1000324
1000976
998890
1001489
998763
1000027
1000536
999272
999899
1001684
1000247
999209
998247
999248
1000948
999558
999875
1001814
1000092
1001205
1002108
1000866
999318
998793
1000374
1002117
1001492
999985
1000927
1000204
1000352
998470
998728
999560
999856
1000405
1000404
1000509
999895
1000186
1002255
999300
1000824
1000098
1000024
999742
1001527
999011
999411
999037
998534
999982
1001302
1000252
999519
999956
999703
999456
1000350
999664
1000021
1000659
1001034
1001094
1000862
998934
1000542
1000030
1000195
999971
1001256
999422
1001070
998919
1001536
1001695
1002454
1001138
999652
998997
1000981
999946
999110
999571
1001196
998124
1000980
1000398
1000357
1000646
1001367
1000440
1000382
999196
999241
997706
999741
1000662
999635
999397
999787
999610
1000406
999089
1000125
1001568
998881
999926
999462
998664
998468
998841
1000448
998491
999911
1001541
999631
1001185
1000524
998676
998845
1002246
1000434
1001482
996650
1000314
1000014
1000361
1000477
1001476
999365
999220
1000992
1000511
1000845
1001896
998894
999837
999714
999534
999290
1000417
999399
1000347
1001360
1000478
1000925
999667
998212
1001004
999202
1000178
1000450
998846
1000027
999765
1001469
999406
999662
1001754
999793
999758
1000587
999862
998956
1001639
999399
998836
1000155
999615
1000168
999794
999784
1001304
1000834
1000717
999604
1002488
999335
1002064
999737
1000602
998237
1000845
1001487
1000814
1001620
999375
1001712
998713
1001250
999961
1000699
1001130
1001568
998853
999698
999777
1000306
1000193
998604
1001272
998638
1001382
999354
1000384
1001234
1000571
999221
1001394
1002111
1000882
999063
1001016
999409
999346
1000553
1001411
999914
1000292
999962
1000113
998899
1002695
999287
1000337
999801
1000154
1000827
999280
999090
1001096
999662
999400
1001269
1001640
1001375
999182
999868
1001868
1000170
1001169
998993
1000145
999454
1001297
998574
999395
1000357
1000690
1000231
998955
1002989
998230
999534
1000150
998946
1000392
999651
1000781
1000712
1000338
1000636
1001620
999120
999347
999687
999792
1002053
1000999
1000085
1001043
999533
999704
998216
998352
1000010
999631
997423
1000348
1001805
999572
1000282
998921
1001064
998804
999931
998160
998950
1000804
1000830
998500
998966
999519
1001455
1000934
1000411
1001274
1001399
999478
999483
1001004
1000048
1000527
999251
1001053
998028
999607
997994
998468
1001292
999091
1001601
1000797
1000604
1000049
1000535
998322
999867
1000072
1000333
1000208
1001593
1001459
1000087
1001121
998371
1001298
1001138
999906
999074
999909
1000207
997715
999690
1000482
999987
999527
1001290
999999
1000620
999619
1000526
1001022
1002242
997569
1000761
1001329
1000261
998865
1000644
999391
1000399
999398
999165
1000255
1000035
1000405
999233
1002632
998996
1001378
999229
999148
1000649
999329
1000516
997940
999718
999061
1000296
999893
1002135
1001117
1000584
1000973
1000742
999743
998816
997612
998040
1002221
1001184
1002712
999973
1000156
998319
999524
998073
999684
1000536
996789
1000692
999889
1000479
998652
999009
999702
999888
999410
1000892
1000903
1000423
1000589
1001033
1000834
1000736
1000495
999538
999559
998705
999770
999293
1000788
1000058
999957
998799
1000124
999701
1000672
1000363
1001619
999394
1000064
1000406
998773
999923
999759
1000499
999713
999606
1001149
1000047
998317
999304
998426
1000107
999954
1000032
999692
1001149
999903
1001498
1001668
1001160
999968
1001210
1001037
999776
1000377
1000602
998826
999380
999650
998673
998533
1001077
1001583
1000219
1000909
1001091
999732
999689
1000533
1000739
1000628
1001257
998904
1001135
999738
999864
999284
999651
999305
1001405
1000275
1001009
999067
999056
1001288
999929
999587
1001303
1001766
997492
1000071
1001354
999129
1003165
1000470
997911
1000339
1000891
1000873
1000273
999872
1001254
999611
1000541
999166
998472
1000491
999467
1001410
999873
999347
1000980
998964
998906
1001672
1000254
999200
1001988
998902
1000633
999381
1000430
1001041
999992
1000223
999801
1000700
999928
1000329
1000570
1001553
999627
999701
1000229
998534
999008
1001700
1000479
999216
1000342
1000781
999668
999994
1000637
1001548
1000573
999453
998466
1001547
999108
998301
1001233
999796
998132
999342
999405
1000972
999320
999804
999768
999957
999246
998595
999854
998939
1001036
999694
1000646
1000266
1000306
999595
1001114
999093
998750
1000404
998509
1000984
1000383
1001130
999539
1001041
999721
998891
999906
1000456
1000186
1001565
1000019
999926
998170
998859
999686
1000108
999872
998247
999830
1000874
999789
999047
1001626
998931
1001000
1000266
999305
998985
1001274
998654
1000462
999623
998277
999735
998834
1001076
1000418
999937
998212
999984
1001863
1000359
999904
998852
1000405
998912
999212
1001590
1000524
1000868
999512
1000650
999410
998569
998997
998683
1000806
1001013
999906
999920
1000266
1000383
1000307
1001656
999222
999941
1000818
1000803
999012
1000395
998640
999535
1000209
1000645
1001067
999419
998417
999615
999891
1002063
999887
998964
999999
998624
1000106
999158
998730
999487
1001670
1000954
999059
1000377
1001961
999334
1001728
1000833
1000607
1000341
998234
999501
999653
998515
999925
1000760
1000463
999925
998625
1001416
1000895
998980
1000272
1000985
1000740
1000544
1000928
1000061
999496
1000408
1001515
1000533
999771
999576
1001090
999688
999608
999297
1001331
1001327
999659
999818
999504
999413
999941
1000434
1000448
999453
1000516
998711
1001678
999379
1001114
999509
999619
1000061
1000347
999817
1001386
1000990
1001564
1000425
999328
999982
1001719
1001525
1000341
999951
999255
999179
998249
998158
999215
1001414
998529
999906
999891
1000224
1000019
1000730
1001548
1000221
999381
1001236
998451
999940
999406
998869
999332
999219
999303
999858
999751
1000414
1001340
1000567
999154
998368
1000562
998578
999588
1001323
1000456
999084
1000151
999747
1000020
1000086
998269
998280
1000257
999394
1000446
999917
1000990
1001197
1000562
999065
999716
1001303
999693
1000213
1000184
1000143
999631
999997
999173
999455
1000062
999845
998237
1000928
998702
999183
1000338
999279
1000259
999449
1000110
1001299
1001268
999033
999783
999873
998561
1001037
999009
1001534
1000289
1000217
1001184
998265
1000310
999843
1000451
998797
1000486
999050
1000156
1000150
998223
998755
999161
999643
999055
1000102
999887
1001357
1000675
1001284
998009
1001017
999535
1001506
999603
1000537
998832
1000664
999268
999977
1000036
1001101
1000188
1000265
1001902
1000721
998843
1001543
999973
1000956
999168
999930
999684
999527
1001353
999707
999770
1001072
1002355
999502
1000516
1000618
999214
999964
998266
999715
999977
1000347
999707
999292
998710
1000117
998397
999834
998868
1000766
1000618
998600
997801
1000598
998625
999889
1000083
1000876
1000328
1000453
1000726
999429
999119
1000745
997922
998525
998779
999531
1001126
1001511
999361
999443
1000296
999059
1001104
999507
998065
1001254
1001334
999950
1000430
997869
1000457
999921
1000161
999975
1000733
1001013
1000468
1002085
1000564
1000602
998205
1000176
999098
999914
1000186
1000853
1002597
1000742
998732
998838
1001072
999246
999871
1001776
999502
999709
999310
1000420
1000440
1000513
999223
1000732
999881
998840
1000092
1001840
1001548
1000223
998328
999069
1000360
998355
1000838
1000201
999440
999664
999775
999104
1001377
998968
998465
999803
998378
998491
1000948
1000458
999566
999519
1001430
999662
999606
1000495
999919
1000694
1000724
1000345
1000447
999599
999755
999051
1000158
1000829
1000722
1000740
1000925
999198
1000668
999967
1000174
1001482
999664
999092
1000294
999062
1000950
997094
1000649
999375
1000564
1000913
999687
999571
999487
999751
998446
1002588
1001923
999093
998665
999296
999838
1000917
1000445
999529
1000755
1000711
997591
1000289
998484
999890
999864
1000014
999956
999742
1001318
999700
999539
1000696
998867
999788
1000124
1002168
997699
999822
1000587
999869
1000169
1000993
999038
1000041
1001582
1000761
999589
999969
1000711
998563
1001657
999279
999781
1001351
998629
1000960
999706
999272
999822
997271
1000814
1000351
1000209
999702
999191
1000702
999556
1000739
999704
999898
1002005
999913
999843
998866
1001150
998731
998828
1000492
999583
1000616
999929
999438
999193
999371
1000059
999942
1001064
999234
999204
1000470
1000150
999677
999311
1001127
1001535
1000571
1002089
998989
999988
1000780
999706
998928
999678
1000670
999257
999893
999517
1000611
1000257
1001488
999955
999497
1000379
1000122
999178
998773
999693
999100
998759
1000835
1000256
998537
1000078
1000205
999869
1001618
1002146
1000430
999931
999969
1000876
999999
999586
1002438
999565
1000750
1000704
999431
1001716
999934
999842
999381
999673
999754
999232
999827
1000136
999810
1001261
999501
1000791
999531
999757
999735
1000171
998645
1001071
1000565
999173
1001573
1002797
1001141
1000610
999920
999332
998611
1001277
1000212
1000087
1000231
998618
999238
1000298
998908
1001460
1000180
1001194
1000589
999224
1001117
999752
999790
1000061
1000261
999686
999860
1000380
999279
999244
999863
1000809
1001965
999769
999533
999654
1002030
1000211
999891
1002446
999247
1001086
999379
997969
999311
1000233
1000440
1000534
1000276
999661
1000746
1001259
1001688
1000164
1001728
996451
998929
998432
998280
999632
999031
1000088
1001809
1000008
999715
998696
1000728
998599
1000454
1001616
999831
1001112
1001441
999721
1000265
999532
1001305
1001064
1002181
998295
1001073
998770
999168
999802
997883
998239
1000376
1000176
1001892
1000863
999772
1000242
998249
999586
999502
1000438
1000602
999983
999968
999846
999132
1001984
999638
1000311
999603
999051
997306
1002451
1000930
1000228
998384
998459
999200
999175
1001399
999790
999305
998668
1000436
999646
1000004
1000084
1000199
999239
999693
999389
999796
1001691
999834
1000784
1001032
1000914
1001430
999464
998763
1000831
1000404
999731
1000921
999966
1001210
998342
999667
1000774
998644
999520
1001599
1000542
1000071
999496
999532
999892
1000136
998832
1000697
998126
999608
999830
999162
1000258
1000531
999121
1001114
999725
1000683
1000513
1000633
1000272
999359
1000135
999780
1000715
1001116
1000655
1001106
999356
997941
999416
1001267
999563
999562
1002579
999243
999500
1000456
1000601
999568
998468
1001597
998859
1000258
1000263
999044
998960
998206
999324
998978
1000055
999211
998029
1001023
1000750
999779
1000681
1000895
1001384
1001500
1000743
999118
999935
999629
1000493
998786
999427
1000411
1000486
999674
1000438
1000093
1001065
999770
999733
1000178
999562
999277
1000319
999362
1000118
1000364
1000854
999750
998527
999661
1001760
998850
998982
1000235
999358
998950
998708
999594
1000693
998317
999626
1000348
1000337
1000453
1002442
1001414
1000558
997199
999070
998462
999508
1000114
999496
999927
1001180
999896
1000105
999389
1001031
1000582
998060
1001694
999694
1000421
999253
1000635
1000356
998884
1000991
998983
1000538
1000864
998091
1001282
998993
998647
1000834
999475
999408
999809
1001120
1000823
1001669
999269
1001069
1001862
1000494
999328
999432
1000101
999350
999097
999968
1000575
999150
999370
1000566
1001649
1000168
1000204
1000414
998945
1000910
999775
998408
998101
998880
1000969
998801
999671
999676
999074
1000411
999265
1000687
998784
1001107
998532
1002154
998759
999828
1000328
999782
1000441
998438
1000261
997983
1000345
1003308
999739
999212
1001239
998647
1000525
1001122
999499
1000025
999931
999615
999268
1000388
999064
1000986
1002500
999994
999907
998449
1002936
999809
1000315
1000693
999785
1000225
1000348
1000056
1000786
1001367
998562
1001000
999935
999231
1000194
999377
999598
1000482
999001
999458
999472
999956
1000611
1000281
998540
1001677
1000696
1001795
999064
1001516
999924
1000695
999606
1000264
999252
999244
999862
998871
1000620
998850
1000430
1000283
1001804
999091
999897
999949
998798
1000155
1001105
1001114
1001215
1000410
1000958
998303
1000068
1000064
1000876
998288
999094
998593
1000815
1001749
999134
1001019
999863
999337
999254
999992
998709
1000823
1002427
1001747
1001251
1000221
1000467
1001145
998401
998637
999516
1000099
1000407
998577
998554
999156
998920
999485
999496
1000796
1000172
998319
1000525
1000407
1000119
1001874
1000649
999375
998107
1001182
1000207
999935
999361
1000335
1000682
1001008
999800
1001659
1000113
1000130
999481
1000953
999477
998316
999966
999952
1000692
1000313
999970
1000070
999799
999225
1001621
998409
999328
1000056
999293
1002813
1000389
998689
1000175
998443
1000360
1000170
998649
998193
999130
998288
1001294
1000291
1000762
1001708
1001402
1000687
1001415
999592
1000270
1000347
998886
998651
997591
1001307
1001733
999343
1001358
1000136
997999
998491
1001102
998829
999788
999095
997386
999389
999185
999572
998635
1001976
999335
999814
998890
998078
1000100
998912
1001262
999844
999212
1000490
997463
1000975
1000014
1002162
998447
999927
1000825
1000226
1000594
999406
999245
998566
1000805
999955
1001753
998570
1000375
1001016
1001370
999578
1000647
998782
998874
998183
997849
999770
1000142
998328
999769
999781
1000186
999844
998304
996562
997152
1001088
1000433
998376
1000851
1000393
999355
998712
1000113
999396
1000575
999637
999676
999533
1000506
999646
999766
1000176
999958
999413
998898
1001462
999849
999207
1000012
999924
999196
1001198
1000331
999561
999917
1001348
999405
1000866
1000796
1000076
1000655
997808
1000809
1000732
998333
1001526
1001636
1000219
1000624
999446
1001259
1000492
1000181
1000955
1001228
999613
1000834
998506
1000126
1000064
1001018
998683
1000966
997617
1000095
1000064
1000601
999692
998771
1001484
999268
998630
999848
1001003
1001513
1000530
1001173
999239
1000029
997349
1000876
998614
999234
998840
1000066
1000481
999485
1001173
1000442
999928
1000002
1000549
1000806
1000629
1000452
1001072
998916
1000045
998627
1001243
998636
1000038
1000499
998759
999986
1000708
998928
1001325
999289
998703
1001023
1000651
1000553
997984
1000675
998530
997966
1001270
999009
1001737
1001096
1000529
1000990
1000147
998836
1001875
997900
1000064
1001807
1001775
1001518
999088
1000322
999944
997172
1000315
1002069
999532
999968
998284
1000801
999081
1000054
999978
997479
999814
1000468
999787
1001659
1000920
1000515
1000105
1000678
1001391
1000124
998656
1001408
1001444
1000261
999439
998687
999712
1001678
1000310
1000320
998775
1000254
999845
999040
999634
1001232
1000374
998150
999041
1000256
1000021
999877
1001232
998997
1000205
1000558
1000599
1000084
1001116
999055
999715
1000249
1000401
1000390
1001111
998913
999142
999354
1000841
999153
999603
999167
1001003
999593
1000553
999857
1000479
998081
999889
1000647
1000418
1001495
1000317
1000374
1001027
1000653
998829
999623
999111
998842
999407
1000348
999997
999937
1001118
1000133
999253
1000937
998516
998286
1000647
999075
1001340
998340
1001299
999417
1001458
1000676
1000366
1002054
999634
999264
1000636
1002734
1000391
1001168
999195
1000058
999518
999108
999694
1000619
999262
1000829
997668
999611
1000503
1001015
1000405
1000996
1000569
998610
1001170
1000904
1000364
1000765
999692
996867
999601
1000813
1000203
1001495
999674
1000325
999278
999465
997539
998700
1001701
999235
999830
998899
1001137
1000398
1000533
999265
1000667
998142
999224
1001597
1000772
1000580
1000262
1000091
998944
999510
1000530
998446
999806
999987
1000615
999510
1000489
1000183
999941
999915
1000120
1000964
999310
1000085
998864
999937
999786
1001601
1000076
998734
1000011
1000440
1001722
1000817
999606
1000841
999345
1000714
1000734
999199
999841
1000896
1000173
1000014
999534
998570
999688
1000342
1000540
1002053
998312
1000487
1000427
1000898
1000403
999828
1000266
999163
999144
1000746
1000776
1000281
999895
999816
998463
998787
1001159
998152
999400
1001334
1001718
1001767
998255
999577
998685
998476
998962
998769
1000568
999356
1000571
999514
999715
999306
998029
998805
1000101
998302
1000254
999538
1000786
999854
1001509
999351
1000187
1000056
998282
1001125
999888
998056
999985
1000323
1000857
999858
999065
999768
999796
998846
1000904
999914
999241
1000191
1001305
999389
1000828
999445
998795
999477
999501
999386
999729
1000074
999807
999242
999122
999925
1001685
1000828
1001291
999542
1000530
999986
999931
998908
998655
999105
999547
999160
999605
999881
999830
999374
1001450
998712
999452
1000090
1000930
999907
999234
999721
998156
999440
998531
999216
1000882
999301
1000040
1000007
1001437
1000605
1000412
1001105
999867
999656
1000870
999889
998984
1000746
999997
1000661
1000631
999116
1000427
1001813
1001146
1000493
1000773
999158
1000427
1000502
999577
999958
1000412
1001104
999091
1000258
999206
999643
998680
1001379
999487
998890
999017
999384
997243
999401
998925
1000511
998937
997658
1000372
998667
1000021
999509
1000747
1000446
998964
998711
999945
998994
999837
1000233
998304
1001982
1000670
1001195
1002041
1000244
1000485
1000269
1000140
997927
999675
1000632
1001721
999652
1000510
999694
1000035
999469
998345
999873
998941
998290
1000377
999283
998476
999808
999062
999057
1000311
1000986
1001560
1000439
1000730
1000888
999519
999308
1000676
1000415
1000958
1001019
1001137
1000375
999950
999352
999341
999794
1000563
999998
1001505
998296
1001459
1001347
999309
1002273
999268
998582
999815
998087
999932
1001323
999285
998820
1000200
1000850
1000784
1000745
999096
1000774
999825
1000420
1000159
1000955
999027
999519
1000386
999651
1001811
999325
1000523
998692
1000413
999616
1000308
1000381
998664
999892
1001252
1002367
1000293
999174
999365
1000107
997946
1001043
1001205
999933
998512
999934
1001419
999462
999004
998387
1000000
999373
998973
999066
998202
998468
999664
999013
1001316
999909
1000069
1000344
999043
999235
999936
999999
998735
998855
997885
999818
1000193
999427
1000031
1000042
1000635
998574
999862
999489
1001046
998941
998653
999956
999860
1000209
998558
998831
999593
999596
998341
1000137
1001861
1000887
999263
999665
1000051
1001546
999887
999727
999025
997600
999579
999048
1000663
1001703
999690
1000222
1000490
999022
999953
1000517
1000979
999392
1000493
1001373
999811
1000697
998594
1000447
999295
1000171
998684
1000278
999564
999720
1000124
999003
998938
1001218
998962
999868
998783
999964
1000316
1000305
999353
999947
1000875
1000525
998952
999603
998982
998041
999954
1001052
999230
999359
999439
1000343
1000454
1002430
998776
999044
999871
1001507
1000054
1000979
1000637
999559
1000617
999637
998996
1000576
999082
999045
1000052
1000387
1001341
1000214
1001541
999301
1000447
1000515
998248
1001093
1000489
1001008
999294
1001837
998620
999691
1001740
1000902
999437
1000350
999730
999714
999232
999413
1000409
1002058
999548
1000358
1000714
1001770
1001151
999401
1000476
998934
998642
999680
998772
999531
999770
999741
998976
1000086
1001066
1000539
1000090
1000467
999964
1000363
1000793
998419
998928
999471
1000115
999320
1001278
999550
998997
998997
1000963
999065
1000191
999549
999072
999846
998621
1000296
1000201
999800
1000438
999416
1000266
1001248
1000313
999427
1001818
1001701
1001234
999131
999831
999583
1000127
999492
998523
1001101
998227
999118
998825
999342
1000195
1002135
1001029
999926
999155
998811
1000118
998169
1000008
998821
1000088
1001088
1001054
999756
1000665
999854
1000687
1000148
998325
1000017
999256
1001767
1000863
999897
1001760
1002151
999453
999337
1001649
1000448
999086
999965
999346
1000642
1000038
1000639
999493
999415
999318
1000998
1001356
1002372
1000170
1000849
1000164
1001046
1000800
998820
999397
1000757
997929
1000962
998568
1000377
997166
1000531
999457
1001537
1000482
1000090
1000629
1000253
1000532
1000717
1001783
998210
1000711
999952
999617
999412
999520
1000727
999684
1000516
1001727
999381
1000826
1000022
999272
1000866
1001486
998550
1000482
999181
1001776
998786
1002341
1000037
1000734
1000202
1002480
1001628
1000192
999978
998531
1001113
999463
997796
1001107
999938
1000129
999263
1002122
998759
1000263
999925
999893
1000083
999796
1000382
999282
999135
998529
1000372
1000355
999638
1000404
998782
999936
999767
999757
1001882
1000378
1001981
1000755
1000869
999472
1000045
1000252
999737
998956
999943
999235
998428
1001269
1000645
1001328
999585
1000446
999972
999871
999574
999184
999306
999281
998988
999832
999704
999359
999437
1001743
999842
1000890
1000298
999803
1001378
999631
1000168
1000928
1000674
997720
1000667
1000031
1000326
999230
999889
1000171
999666
1000836
1000743
999380
1002182
999501
999216
999477
1000950
999168
999017
1000693
1000657
999881
998739
999157
999503
999453
999704
1000517
1000386
999724
1000183
1000629
1000632
998286
998785
999447
1000641
1000426
999905
998975
998488
1000260
999982
1000597
999598
1001015
999009
1000926
998950
1000065
999695
999598
1000593
999882
1000348
1000148
999305
1001068
999339
1001432
999956
1000625
999144
999511
1000775
1001138
1002069
1001611
999859
999090
999159
1000337
998753
999800
999601
998680
1000748
998681
1000434
999204
1000912
1000867
1000330
999795
999554
999057
1000553
1002326
1000390
999525
999441
1000110
1000656
1002121
1000334
1000773
1000467
1000622
1000413
1002551
999605
1000710
1000429
1001412
1001511
1000483
1000074
1000196
1000343
999901
1001082
998708
1000146
1000408
1001338
1001560
999913
997795
999214
999050
999371
1000690
999564
999297
999707
1000809
998896
1000028
999387
999224
1000467
999192
999927
1000068
1000048
998228
999975
999755
999176
999747
1000696
998570
999254
1000610
998735
1001005
1000268
998773
999746
1000431
999594
999298
1000510
1001360
999287
1000128
999816
1000196
1001086
1000889
1001442
999590
1000544
999917
999755
999121
998926
1000624
999637
999182
998823
998858
999633
1001146
1001326
1001624
999224
1001400
1000481
1002721
1000428
1000991
999159
999696
1001094
999371
1000389
997980
1000365
1000006
1001301
999879
999633
999950
1000250
1000100
998633
999710
999631
998733
1000341
999372
999846
1001568
1000562
1000105
998798
998732
1000564
999888
999318
999894
1001351
998459
999972
1000399
1000158
1000467
1000808
1000717
998948
1000906
1000461
999960
998338
1000713
999827
1001402
1000860
1001489
1001126
999665
999350
1000495
999068
1001053
1000471
1001184
999983
999111
999922
1002216
999986
999560
998694
999255
999635
999057
1001269
999536
997787
1001699
1000621
998875
999246
1000258
1001545
1000231
1000278
999955
999235
999111
1000346
999176
999796
997833
1000004
1000180
1002004
1001132
999827
998414
1000711
998228
998748
998405
1000081
1000661
1000334
1001255
999535
1000265
998070
999795
1000233
1000353
1000268
1001894
999991
997839
1001343
999120
1000569
999896
1000143
1001599
999119
999890
998904
1000008
998939
1001385
999721
1000545
1000350
1001995
1000671
999401
998687
999837
999848
1000799
999799
1000313
1000336
997721
1000730
999761
1000114
999761
999638
998599
998388
1000994
1001073
1000821
998995
999326
999252
1000566
1000503
998483
999150
1002306
1000778
1001183
999797
999786
999708
1001037
997848
1000450
999121
998589
999077
1000230
999587
1000188
1001875
998993
999956
999473
1000385
998297
1001069
1000065
1000893
999770
999098
999997
999368
1000500
1000080
999877
999322
997385
999834
999601
998976
999585
1000759
1000571
998973
1001639
1000678
1001456
999576
1001530
1000887
998647
999132
1000507
999564
1000037
1000274
1000583
1000116
1000074
1000625
998322
1000646
1000605
1001352
1000817
998625
1000718
1000620
997471
998854
999947
999472
998840
998677
1000795
999729
998879
1000063
1000425
999274
999597
1000132
1001052
998907
1001461
999826
999075
1001345
1000662
999396
998988
1002196
1000666
1002444
1000350
998729
1000000
999447
999293
1001010
1000785
1000272
1000584
998761
1000435
999371
999324
1001700
999753
1000815
998669
999509
999609
1000535
1001958
1000759
1001404
1000008
998291
999599
999203
1001040
999538
998676
999753
1000587
999766
999638
998615
999494
1000266
1000902
999767
998685
999173
999066
1000333
998700
1001377
999231
1001245
1001941
999167
1000265
1000287
999284
1001029
1000178
999925
1000116
1000164
999517
998937
999752
1000889
999676
1000721
999409
999222
1000511
999843
1000451
999334
999669
999385
998805
1001490
998967
999363
999673
1000491
1000557
999885
999580
999076
998952
1001146
999589
1000630
1000509
1002651
1000005
999125
1001421
998206
999331
999795
1001367
1000283
999738
1000478
1001054
1000855
999631
996921
1000651
1000481
998335
997598
999525
999534
1000784
999864
999740
1000603
999204
1000840
999719
1000827
999955
999020
1001128
1000721
1001220
1001504
1001654
999214
998444
1000733
999873
999142
1000918
1000477
1000145
1001280
1000403
1001436
999896
1000388
999284
1000815
1000438
999021
998430
1000100
1001720
999702
999797
999691
1000179
999579
998871
1001886
999514
1000573
998439
999587
998225
999337
1001403
1001586
1000758
1002175
1000095
1000572
999775
1000533
1002044
1002731
1000222
1001162
1000036
999357
1000100
1001363
999445
998691
1000216
999404
998817
1000020
996795
999960
1000449
999802
998180
999082
999196
1001617
1000877
1001523
1001582
999353
998550
998842
999692
1000094
999445
999505
998899
997863
999539
999237
1000758
999610
999466
1000915
998578
999359
1000988
1000762
999940
1001422
998298
1000694
998857
1001040
1000488
1000358
999330
998761
999855
999300
1000340
998526
999622
998756
999381
1000284
998338
998609
998924
1001296
1000907
1001012
999900
999915
1000493
1001617
999371
1000807
999999
1000528
1000724
998225
1000548
1000400
1000425
1000956
1001926
1000234
999277
1000362
1001553
998034
999471
999946
1000163
998152
998850
1000741
1000020
998740
1000826
999112
999393
999620
998919
1001132
999352
1000810
1001290
999880
999850
1000623
999442
998762
1000152
999127
1000195
998823
1002495
1002115
1000956
999967
998572
998903
1000278
1001169
999650
999153
999649
998651
1000932
999898
1000069
1000819
1001206
1000060
1000874
999905
1000582
999114
998343
999544
1001544
1001094
1001167
1002147
999604
999697
1000518
999817
1001130
999835
999554
999455
999272
1001269
999387
1000789
1000950
998552
1000808
1000569
998785
998772
999965
1000605
1001252
999489
1000181
1000079
1000813
1000530
999546
998776
1000826
1000282
998948
1001425
999887
1001782
999960
998995
1000241
999613
1001888
997701
999241
1000868
999644
999495
1000927
998705
999208
1000539
999607
1001013
1000689
999689
1000508
999638
1002017
999580
999467
999861
999748
1001263
999423
997742
999415
1000968
1000197
999285
999769
1000206
998964
999429
1000448
999206
997986
999075
1001810
1000089
999488
999731
998221
1000056
1000696
1001338
999876
998695
998187
999694
999787
999632
1001621
999373
1000305
999149
1001442
998970
997568
1000350
999191
998978
1000655
998345
1000682
1000890
1000360
1000090
1000039
1000722
1000322
999980
998507
1000251
999029
999278
999891
1002542
998089
999677
998600
1001969
1000961
999636
1000111
998966
999448
999282
1000707
1000413
999460
1001769
998842
998417
1001430
998994
999202
998998
999972
999398
998997
999663
999600
1000834
1000401
998500
1001054
998892
1000298
1002986
998553
1000837
999762
999802
999315
1000871
999998
999851
1002161
999000
1002089
1001880
1000203
1001393
1001660
1000001
1000562
999281
1001482
1001024
999315
1000864
999636
1000286
1000003
1001601
1002170
1000163
999531
1000942
999710
1000348
1000117
1000756
999510
999152
1001245
999701
1000351
1000671
1000445
1000965
1001186
1000365
999847
999673
1000242
1001290
1000999
1001208
1000126
1000651
1001679
1002107
1000433
999110
998840
1001345
1000902
1000148
1000702
1001254
1000778
1000377
999172
997860
998929
1001016
1001357
1000422
999312
999373
999871
1000339
999748
998578
1000893
999622
1000451
1000914
1001526
998662
1000653
999478
999247
999699
1001564
1000006
999787
999533
1000868
1000479
999664
1001210
999808
1000076
999924
1000960
1000319
1000321
999674
999186
999455
1000938
998983
1001402
1000111
1001072
1001360
999397
1000528
997968
997911
1000916
1000873
1000982
1000327
1000240
999998
1000784
1000434
999763
1000903
1000083
999381
999478
999225
1000537
1000524
1000368
998998
999125
1001062
1000847
1000689
1000249
1000627
1000647
999557
999146
1001320
999981
998928
998000
1000746
1000063
1000784
1000504
1000995
1000359
998465
1000886
999162
1000953
1000514
999361
1000580
999516
1001227
1000940
1000777
1000514
999781
1002226
1000146
1000578
1000163
999962
1000133
998948
999568
1000372
1000222
999590
998983
999661
999140
999852
999266
999986
999884
999685
1000523
1000828
1000057
1000984
1000427
1001234
999070
999001
1001492
1000822
1000284
1001352
999652
1000373
1000294
999979
998066
1000090
998646
1000453
1000839
999381
999584
999285
999669
1001896
999927
999758
1000230
1001968
1000898
1000806
998439
1000659
999510
999445
998939
998718
1000125
999643
999271
1000057
1001240
1000919
1000904
999955
999261
1000517
999339
998708
1001429
1000468
1000186
999478
1001450
1001753
999882
1000176
1000978
999204
1000348
1000661
999229
1000873
998999
1000310
998831
998996
1000989
1000168
998885
1001219
999486
1000804
1000140
1000575
1001018
1000814
1000381
999287
1000724
999416
1000796
1000059
1000398
999246
1001482
999771
1000064
998404
998214
1000711
1000768
999701
1000616
1001661
998935
1001636
1000235
1002394
1000286
1000261
999772
999979
999480
1000881
999609
999498
1001463
999382
999402
998805
1001779
999651
1000207
1002529
998408
998593
998729
997563
999254
998223
998638
1002615
1001093
999222
999144
999047
999945
999501
1000154
999336
999763
998833
1000991
1001674
1001747
1000462
1000507
1001087
1000709
1000826
999163
1000858
999001
1000980
1000494
999988
999716
999224
999396
999520
999275
1000362
999849
1001674
1000731
999194
1000601
1000971
998839
999282
998983
1000375
998423
999964
998361
1000832
999994
1000206
999748
1000641
1001768
999084
999509
1000029
1001705
1000153
1000972
1001976
999774
1000722
999692
999804
998658
999885
1001137
999860
1000911
1000840
1001333
999382
999834
1000384
1000117
1000292
1000741
999226
1000564
998943
1000123
998621
1001453
998582
999199
1001348
999579
1002378
999500
999133
998850
999644
999406
1001176
1000271
999496
999777
999982
998877
1000990
1000362
999169
1001217
1000294
1002092
1000284
998921
1000500
999109
1001478
997458
998813
998357
999527
999218
999613
999849
999870
999529
1000195
999754
1002256
1000562
1001500
1000306
1000233
1000163
1000851
997510
1001097
999760
1000380
999212
998290
1002144
999857
1000970
1000773
998474
999037
999342
1000180
1000198
1002448
999602
1000256
1002482
999486
998999
1001598
999863
1000023
1000816
999606
1000487
999466
1000307
1000419
999106
1000028
999511
999607
1000349
1000215
1000204
999473
999967
998635
1000708
1000379
999148
999406
998991
1000078
1000604
1001185
1000431
1002114
999019
1001839
1000561
1002181
1001060
999552
1000432
1001741
1000777
1001441
1001694
998417
1000179
1000492
1000392
999125
998770
998471
999266
997903
998185
1001214
999265
1000870
1000822
1000356
1000988
1001231
998656
1000210
999107
998778
999094
1001085
1000937
997934
999227
997639
1000799
1001466
1000113
1002063
998065
999929
1001764
1000256
999627
999012
999210
998006
1000368
999230
1001273
1001232
1000041
999280
999663
999602
999100
1001380
998874
1000247
1000687
998258
998429
999797
999471
999957
1000987
999243
1001926
1000761
998866
999271
999345
999346
999956
1001058
1000725
999241
998197
998603
1000299
997968
998769
999225
999676
1000761
998357
1000338
1000460
1000095
1001910
998587
999835
998517
1001281
998874
1000281
1000841
999607
1000383
1000247
1001954
999778
999816
1000452
999369
999744
1000861
999225
999941
1001089
999390
999314
999597
1000401
999648
999997
998860
999805
1000003
999442
999742
999301
999794
1000326
998032
999733
999819
1000030
999925
999902
999744
998601
999806
1000073
998106
1000641
999960
998968
999755
1000693
999911
1000046
999728
1000072
998493
1001047
999007
999163
999354
999959
999011
999499
999009
999915
1001448
999956
999893
999116
1000701
999808
999646
999623
999862
1000171
999372
1000941
999423
1001090
1000238
998333
999475
999189
998902
998893
997979
999408
1000310
1000398
1000137
1000889
999597
996828
1000787
1000333
999642
999469
1002077
999794
1000393
999866
998377
999875
1000895
999702
999423
998802
1000387
1000408
1000190
998816
999934
999271
999167
1002023
1001464
998698
999917
999280
1000096
1000265
1000252
1000659
999017
1000795
999114
1000829
1000056
1000332
1000322
999807
999250
1001746
999757
1000288
1002251
999463
999993
998842
998743
1001120
998575
999945
1000670
1000581
1000318
999037
1001399
1000586
1001522
998319
1002447
1000085
1001454
1000512
998656
1000287
999310
998010
1000778
997978
1000559
999719
998968
998125
998131
1001519
998730
1000091
1000451
1001855
1001399
1000666
1001379
1001052
1000859
999098
1000828
999262
1001158
999587
1000505
998427
1000828
1000104
998439
999765
1000567
998035
1000357
1000974
1001101
1000780
999713
999918
1000853
1000424
1000814
999370
998618
998869
998397
1000673
999023
1000871
998289
1000438
1000136
1000317
1000353
998266
1000038
1002884
999468
1000636
1001068
1000613
997698
1000654
1000582
999920
1000042
1000708
1000633
1000438
1000571
999277
999942
999786
1000070
1000097
998747
999750
1000566
998782
999215
999846
999042
1000555
1001687
1001645
999804
999708
999057
998673
999479
999875
1000707
1000739
999607
1001983
999390
998995
1001326
1000747
999622
998406
998973
1001256
999367
1001826
1000600
997094
1001616
999570
1002174
1000058
1000294
999141
1000412
998257
1000140
999078
998720
1000906
999958
999424
1001133
999551
1000088
999512
999565
1000115
1001415
1001431
998896
1000455
997429
1001062
999793
997516
1000667
999768
999088
999283
1000659
1000633
1000478
998823
999217
999865
999184
998185
997494
1000228
998812
1002250
999183
998904
999338
998770
1000712
999228
999235
1000789
1001275
999575
1000146
1000319
999731
1001908
999779
999291
1000084
1001676
998827
999517
999685
999131
1000644
999956
999549
1001779
1000048
999990
997321
999319
1000191
999611
1000765
1001500
998693
999874
999156
997507
1000050
1002159
1000375
1000177
1000355
1000627
999974
1000756
998394
998986
999613
1000323
1000059
1000576
1000263
1000106
1001439
1001403
999535
999291
998882
999015
1000104
999102
999494
999578
998901
1001045
1001261
999018
997950
1000175
998855
1000364
1001150
1000470
997591
1000100
1000685
1000318
1000682
999549
1001391
998229
1000731
998297
1000980
999425
1000318
998662
998740
999796
1000427
998319
999154
999268
1000070
1000071
1001256
1000403
999531
1000757
998497
1001305
1001505
1000681
999051
999876
1001182
1001061
1000605
999994
998434
1002245
1001455
1000503
999286
1001156
1001490
997799
1000415
1000924
999933
1000411
999811
999013
998883
1001456
999927
999519
1000772
999060
1000489
1000124
999855
999182
1000115
998901
999085
1000713
1000003
1001170
999362
1000299
997488
999438
998711
1000447
1002192
999770
1000769
1001040
1001045
1000444
999599
1001080
999538
1000144
1000053
999812
999562
1000059
998266
1000310
999715
998896
1000611
1000902
1000450
1001719
999863
1000956
1000718
998891
999793
1000899
1000268
999172
1000290
1000685
999550
1000277
998072
998177
999726
1000333
999839
998871
1001310
998501
999431
999892
999597
1000631
1001216
1001781
999254
1000517
999492
1000335
999779
998012
998716
1000689
998136
1000250
1000568
999617
1000518
1001291
999872
999976
1000184
1001814
999724
999708
1000658
999340
1001980
999130
998995
1000034
1000328
1000877
1000781
999543
999472
1002823
999743
1000570
999358
1000408
1001383
998128
999846
999205
999428
999410
1000737
998928
1000138
998668
998955
1000543
1000773
1000324
999781
999888
999127
999943
999217
1000345
1001190
1000935
1000509
998426
1000792
999593
1000958
999970
1000668
999685
1001274
1000819
1000878
999518
999604
1000502
999322
998991
1001056
1001280
1000875
999135
998655
1000621
1001810
1000249
1001140
1002105
999678
1000060
1000079
999731
998428
999343
1001068
998767
1002358
999043
1001248
999733
999258
998390
998560
999716
999045
1000757
998706
999922
1001476
1000026
1000362
999755
999135
998768
1000100
999700
1000011
998962
999777
1000307
999265
1000053
998813
999839
999069
1001284
998620
1000614
1000276
999302
999687
999665
1000885
1000819
1000359
999364
997909
1000748
1000390
998397
1000819
1000707
1001004
1000192
999820
1000782
999047
999027
1000583
1001941
998688
999656
1000634
999661
1000509
999898
999179
1001609
999832
999324
998542
1000728
999935
999414
999724
998762
1002057
1000394
999294
999692
998964
1000722
1000229
998617
1000210
1000102
999417
999834
999749
999769
1001031
1000246
999670
999609
999803
1000001
1000358
1001977
1000244
999802
999830
998795
999171
1001447
999004
1002270
1000931
998818
999708
999335
1001154
1000722
1000883
999886
1000157
1000416
998100
997839
1001072
999645
999422
998478
1000400
1000838
999036
999570
999877
999641
999896
1000326
998855
998672
1000544
999701
1000761
1000132
1000560
1000233
1000058
1001112
1000259
1001338
999475
1001057
999875
1000848
1000580
999739
1000128
1001115
1002182
999425
998358
1000161
998736
1002073
1001694
1000383
1001266
999325
1000841
999473
999831
999898
998931
998588
1001373
999588
998267
1001165
999006
998489
998512
999124
997338
999711
1000093
1001725
999806
999678
999148
1001045
1000261
1000224
997739
997884
998504
999426
998398
998244
1001368
999330
1000442
999930
1000209
1000029
998886
999247
1001183
1001293
1000483
1001580
998868
998649
999746
999351
1002499
999181
1000683
999566
1000185
999280
1001807
999413
1001161
998794
1001180
1001297
999535
998148
1000003
999981
1001630
999045
999091
1000016
1000442
1000322
999323
999050
999645
999621
1001730
999784
1000326
1000007
999251
1002179
998462
999880
1000804
999190
1001131
1000596
998823
999417
1001215
1000612
999930
1000768
999742
999768
1002038
1000512
998849
1000268
998894
1000122
1000610
999515
999154
1001285
1000935
998970
997842
999032
1000733
1001297
1002103
1000306
999313
1000183
999974
999860
999497
1000070
1001949
999441
1000134
999600
998851
997532
998962
1000375
998364
1000428
999885
1000526
998404
999934
999741
999876
999494
1000006
1000938
1000472
1002076
1000749
999777
1001082
999909
1001070
1001471
1001074
1000676
999401
999656
999377
999926
999996
999941
1000145
999937
998589
1001225
997904
999186
999893
997981
998731
999352
1000847
1000452
1001019
1000568
999499
1001494
1000692
999100
999174
999912
999867
999064
999586
1001438
1001232
1001053
1000345
999231
999704
999917
1001270
999783
998986
1000983
1000269
1002011
1000785
1000691
1001040
1000745
1000054
999582
999478
999840
1001125
998542
1000470
1000682
1000298
1000349
999606
999678
999991
998650
1000066
999927
999200
1001292
998373
1001952
1000487
1000359
1000215
999924
1000275
999869
1000891
998782
999912
999153
1000873
1000219
998536
998126
1000962
1002338
1001324
1000952
1001579
999630
1000654
999987
999030
999678
1001379
999582
1000222
999760
999903
998894
998728
997424
1000879
998034
1000690
1000381
999878
997920
999731
1000128
999373
999955
998626
1000339
999785
999564
999675
1000289
1000332
1001023
1000707
999329
998862
999542
998971
1000636
1000460
999718
999635
1000745
999846
999931
999921
999864
1001044
1000004
1000520
1000797
998798
999858
1000344
1001803
999142
1000128
999988
1001635
998971
1001416
997455
1000594
998732
1001024
999220
1002020
998582
998588
1001006
999558
998487
999171
999570
1000262
999966
998957
999200
1000545
1000814
997783
1000139
1001524
1001245
1000928
998806
1000343
1000773
999776
1002039
1001291
999892
999002
1000363
1000440
1000167
999677
999642
999752
999939
1001245
1000692
998450
1001216
1000379
1000646
999220
999884
1000547
999317
1001643
1002640
1000320
999178
1000241
1001281
1002333
1001090
998764
999512
999008
999464
999768
998868
1001171
998998
1000190
1000514
1000569
1001450
1003401
1000408
1000265
1001597
999798
999806
1000259
999468
1000866
1000144
1000914
998806
998891
1000648
997717
1001037
999385
998502
998222
999395
1001106
999726
1000163
1000115
999794
1000982
1002422
999380
999955
999653
1001475
999170
999528
1000754
999214
1002662
999559
999667
1000461
1000137
998697
1001116
1000403
999566
998583
998378
999253
1001834
1000879
1000724
1000613
998898
999635
999366
1001606
1001001
999359
999322
1000306
1000845
998895
1001600
1001569
1001111
999327
998873
998298
999708
998514
1001001
1000363
1001654
999833
999088
999890
998839
999617
1000619
1000596
1000209
998737
1000554
998659
1000618
1000878
1001016
1000324
999357
998446
1001976
999623
999984
1000511
1000308
1000159
1001215
1000191
1000136
1000758
1001841
998921
998942
1002041
1000972
999051
1000494
1002314
999681
1000648
1000491
999306
999810
1000521
999521
1000462
999600
999874
1000956
1000259
998665
999230
999495
999982
999405
999401
1000361
1000340
1001911
998497
1000581
1000948
998602
1000221
1000559
1000870
999199
999938
999469
1001081
1000964
998786
998897
999163
997770
999887
1001230
1001157
1000844
1000129
1000031
999061
1000213
998751
998727
1000616
1000298
1001254
1000939
999712
999737
997697
999618
999013
1000425
999463
999881
998974
999424
1000638
1000493
1000377
1000305
1001150
1000893
1000140
997414
999104
999051
1001461
1000655
999019
999725
999904
998654
1000782
999525
999708
998875
999827
1000111
997645
1000469
999658
999910
1000578
1000154
1001324
999571
1002240
999215
1001316
1000503
998883
1001118
998261
1001179
1000024
999782
1002349
999874
998876
1000377
1001039
1001178
999378
1000012
1000722
999877
998952
999625
1000221
1000523
1000210
999303
1000282
1000418
999077
1002487
999853
1000813
999779
1001202
1001076
1000792
999623
1000242
999098
1000512
1000924
1000747
1001003
1000893
1000425
999273
1000613
1000215
999201
1000347
1000235
999886
1000290
1000945
1000353
999417
999288
998545
1000280
1000786
1001287
1000700
1000110
999862
999952
1001523
1001336
998775
997932
1000225
1001775
998728
999186
999659
1000344
998734
998793
999868
999584
1002588
999217
1000033
999612
1001362
1001190
999722
998608
998997
1000369
1000175
998649
1002319
999447
997911
999493
1002120
1000236
1000681
1000056
1000552
997521
999182
1000968
999419
999374
998090
999437
999601
1000695
1000456
999591
998693
1001183
1000499
999992
1001430
997206
999739
998582
998362
998697
999777
1000062
1000194
1000500
998503
999863
997990
1002174
1000131
1001461
999690
998224
999684
999067
999236
1000301
999390
998619
998483
1000330
998410
999815
1001712
998819
999128
998929
999262
998749
1000221
1001664
999113
1000388
1000242
1001168
1000486
1000163
1000808
998794
1000168
999360
998822
1000482
1000871
998539
999549
999750
999607
998153
999363
999144
999475
1000489
998994
999016
998414
999614
1001272
998842
998365
1001699
1000931
999568
1000241
999554
999991
999055
1000549
999961
997767
1000020
999534
999828
999821
999223
999373
999801
1000635
999081
1001481
1000029
999858
1000043
999025
998800
998913
1000130
999038
999939
999312
999495
1001062
1000370
999275
1000915
1001314
999571
999709
999699
1000674
999250
1001630
998894
1000660
1000059
999226
998855
999058
999700
998178
1000057
1000839
999493
1001633
998663
1000800
1000512
1000045
1000811
1001660
998426
999063
998924
999646
998440
999465
999930
997951
998610
1000590
998420
1001105
999601
999684
1000025
999704
1001645
1000723
1001247
999706
1000634
1000953
1000195
999925
999282
1000723
1000248
999731
999384
1001032
999152
999439
998896
1001036
999388
1001557
998586
999466
999869
999953
998586
1000945
999537
1000510
1001034
999808
1000438
1000946
999966
999998
1000637
1000349
1000393
998658
999654
1001804
999085
999625
1000731
1000496
998852
998277
1000888
1000208
999726
998916
999839
1000481
1000063
1000200
999914
1000201
999452
998954
999893
1001756
999657
1000603
1001103
1000524
1000598
1000648
999229
1001149
1000700
1000226
1001187
1000016
1000837
1001522
999652
1000131
1000987
1000695
999454
1000648
999923
997869
1001580
1001284
1000351
998727
996899
999565
999247
1002269
999865
998744
998745
999156
999184
1001318
998756
999890
1000757
999492
999455
1000302
1000873
1000949
1001197
1000235
999401
999839
999334
1000088
1000018
1000725
997433
999552
999106
998594
999662
999374
999903
1001592
1000795
1000495
1002228
1000275
1000070
998446
999958
997512
998779
1000398
999566
998918
999867
1001095
999154
999598
999669
1001818
999202
999862
999592
999852
998992
1000204
1000946
999560
999793
998599
1001893
1000474
1000958
999920
1000422
1000118
998707
1001009
1000982
1001047
999712
1000341
998370
999112
1000707
1002577
999144
1001225
1001332
998365
998894
998705
999738
999674
1000312
998973
1001207
1000967
999927
998626
1000095
1000256
999224
998852
1000466
999252
999921
999099
1000388
1001113
1000158
1000804
997061
1001125
998522
999056
1000363
1000611
1001034
1000756
1000280
1000070
998509
999026
1000480
1002050
999479
1000898
1001285
998956
1001380
1000906
1000723
1001086
1000261
1000088
998744
999987
999245
999728
1000587
1001343
998621
999257
998786
998050
999992
997301
999725
1000015
999795
999443
1000101
999128
998539
1001001
1000206
1000321
998613
999604
1000000
999954
1000136
999554
998373
997757
999165
999879
999857
999184
1001060
1000653
999736
999199
998597
1000935
999838
1000001
1000303
999365
999943
1000930
1000058
999330
999063
997160
1000883
1000884
999444
1000095
1001622
1001151
1000238
997850
998131
1000810
1000658
1001269
997929
1001479
1000452
998141
1002427
997676
998093
998907
1001154
999668
999490
999525
998999
999880
999976
1000315
999180
1001543
1001164
1000532
998852
999531
1001244
1000409
1001016
1000624
999785
999616
999886
999896
999677
1001339
1002122
998916
1000378
1000626
999993
1002104
999756
998869
1000149
1001384
999829
1001655
1000353
1000719
999630
1000173
999220
1000873
1001267
1001007
1002121
998507
999343
1000365
1000529
1000602
1001198
999592
1000832
998567
1000192
999390
999652
1000516
999291
1001165
1001024
1001238
999246
1000535
999591
999744
998524
999522
996861
1000578
1000124
999965
1000308
999695
998382
1001969
999192
1001162
998145
1001112
999944
1000991
1000346
999177
999786
999694
998810
999891
1000206
999440
1000224
1001458
1000521
1000811
999473
999532
1000024
1000661
999320
999784
1000726
999299
1000948
999875
999056
1000931
999073
999879
999856
999944
1001229
1000505
1001123
998278
999821
1001946
1001420
1000092
1002368
999326
1000546
999012
999791
999643
999295
999718
1002664
1000735
999895
998416
1000250
999589
999105
1000979
1002077
999137
999129
999354
999909
998885
1000975
1001049
1001403
1000459
999825
1000071
1000471
999994
998841
998483
1000181
1000223
999086
1002231
1000789
1000371
998097
999620
1000169
1001112
1000002
1000057
1000628
1000451
999652
999476
998668
1000097
1001198
999768
1000047
1000645
1001403
999147
998273
1001194
998197
999440
998146
999381
998691
998250
1000402
999939
1000394
1001317
999885
998990
1000380
998969
1001267
999624
1000520
999835
1000694
999420
1001510
1000806
1000307
1001904
1001113
998936
1000561
998625
999384
1000043
999630
1000208
1001418
1000827
1001066
998780
1000744
998952
1000847
1000242
999290
999509
998927
1002167
999817
999992
999266
1001878
999892
999957
998393
999646
999664
999421
998554
1000846
1000822
999990
999687
1000716
999339
1000903
999972
1000102
1000717
999774
999398
999762
998700
999796
998781
1000213
1001579
1000596
998274
1000538
1001133
1000151
998583
1002003
999110
1001057
1000107
1000327
999987
1000532
1000689
999337
998870
1000257
1000998
999224
998602
1003647
998946
998343
999203
1000567
999034
999321
1000319
999262
1002864
999587
999607
1000826
1000431
1000460
999848
1000293
999572
999405
1000193
998870
1001205
999084
999343
1000091
998890
999788
1000576
999535
999192
1002075
1000161
998848
1000342
1001320
999765
999664
996878
999401
1000852
1001524
1000140
999626
1000101
1000244
1000039
1000050
999754
1000351
998856
999145
1000402
1000855
998926
1000336
1000164
1000274
1001180
999256
998855
1000676
999463
998448
1000928
999687
1000853
999703
1002240
997697
998467
1000324
1001286
1000148
998886
1000986
999272
1001437
1002343
998995
1000173
999263
1000809
1000167
999571
1001075
1001444
1001055
1001207
1002583
999164
1001204
999871
999228
999740
999905
999767
999897
1000879
999221
1000462
1000173
998034
998288
998175
1000707
998800
1000677
999856
999327
1000200
999820
999527
1001369
999082
998578
1000960
999707
999775
1002202
998512
1000991
998819
1001660
998717
999030
999567
998765
1000447
999947
1000155
1000263
999948
999898
1000929
999382
999377
1000572
1003537
1000001
998854
998685
999102
997903
998709
998953
998635
1000244
1001147
999639
1002509
1001672
999367
998784
998614
1001266
998951
999471
998634
1000673
1000394
999942
1000052
1001027
998826
1001064
999071
1000790
1001037
1001234
999183
1000808
1000260
998312
1001473
999718
999055
999593
998728
1001423
1000642
998014
999625
998454
1000075
999449
998956
999716
1001089
1000049
999381
1000086
1000954
1000479
1000170
1000025
1001962
998676
1002614
999908
999607
1001502
999411
1000515
999017
1000682
1001053
1001025
999971
1000776
999128
1001356
999545
1001853
999120
999703
1000125
999684
1000711
997840
1000801
999231
999152
998465
1000770
1000457
999380
999646
998873
1001992
997984
1001334
999208
1000117
999561
1000881
999588
998474
998798
1000269
998410
1000594
999178
999335
999021
1001319
998737
1000382
1002802
998602
998068
999328
999158
999272
1000651
999846
1000210
1001681
998673
998213
999951
999654
1000232
1000357
1000464
997899
999634
998916
1002427
999154
1000221
999537
998328
998697
999520
1001446
999937
1000505
1001108
1000230
999026
1000582
1001226
998855
1000255
1001235
999735
1002456
1000691
999494
999133
999010
1001259
999699
999176
999236
1001007
998154
999966
1000769
1000982
998548
999438
999687
1000510
1001191
999982
999744
997119
998987
1001317
998567
1000287
998692
1000353
999145
998305
1000920
999732
999748
999162
998711
1001120
999717
1000328
999599
1000101
999795
998756
998332
998639
1000063
998969
998821
1000405
998795
1000652
999267
999836
999053
999948
1001153
999805
1001348
1000403
1001272
999030
998792
999977
999221
1000312
1000820
1000356
999851
999683
1000156
1001393
1001423
1000169
1000337
1000855
1000929
999439
998514
999916
999106
1000612
1000302
1000915
999738
999620
1000576
999318
998446
1000287
998970
999868
999371
1001032
1000371
999673
1000274
1000145
998527
998283
996973
1000700
999427
999250
1000038
1001182
1000737
1000329
1000503
999377
1000518
1001623
1002647
1000344
1000686
999892
999829
999789
1000891
999145
1000300
999074
1000515
999921
999899
999132
1000041
999123
999550
1000920
997364
999305
1000252
1000516
1000565
1001284
999432
999402
998479
1001040
997777
998916
998178
1000964
999301
999973
999792
998301
1000503
1000066
999877
1000011
1001897
1000897
999470
1000138
999630
1000197
997413
999844
999898
999262
1001332
998902
1000147
999493
998240
998592
998087
1001561
1000934
998099
999261
1000369
1000893
1001686
1000100
998628
1000447
1000747
999948
999951
999710
999346
999967
1000374
997632
998171
999569
1001460
1000861
999774
1001487
999380
999710
998920
1000189
1000914
999203
1000128
999403
999639
1002076
1000003
1001361
1000685
997872
1002346
999529
1000406
999724
1000554
998786
1000094
999475
999182
1000882
998911
999556
1000426
999223
1001143
1000845
1000464
999550
999801
1000376
1001516
998765
1001284
999798
1000016
1000077
999061
1000845
1001735
999755
999956
1001241
999203
998452
999701
1001040
999183
998931
999510
1000410
1001258
999792
999664
998971
999956
1001415
997843
998813
999476
1000469
999890
999817
999848
1000034
999631
1001273
1000533
1000121
999357
998499
999264
1000070
1000441
998900
998778
999662
999358
999626
999710
999798
999809
1000370
1001769
1000918
999923
999173
1002070
1001630
1001166
1000326
998602
1001709
1001350
999950
999471
998973
998976
1003316
999605
999473
1000257
999599
1001217
999288
1000120
999499
1000710
1000194
997654
999232
1000424
1000479
999671
998775
1000344
999040
1000201
1000557
1000804
1000541
1000930
1000304
998978
998813
1000086
1000337
999628
1000046
1000180
999090
998623
999977
1000022
998890
999656
998984
997720
999614
999568
1001919
1000023
1000959
1000952
998976
998998
1000149
1000824
1001854
1001208
999338
999243
999797
1000316
998990
998367
999337
998266
1001103
1000073
999791
1000491
998619
999793
998962
998567
1000641
1001445
998874
999267
998410
998630
999747
999746
1002046
999396
1000225
998710
997927
999514
998760
998860
998931
999579
999990
999724
999557
1000525
999747
1000575
1000787
999570
999955
999526
998945
1000370
999781
999850
1000980
1000984
1000657
999757
998730
1000850
999655
1000299
999856
1001408
1000074
999949
1000434
1000196
1000901
999649
999698
1000724
1000150
999284
999601
1001626
1002007
1000803
1000397
1000188
1000257
999185
1000072
998383
1000191
1000248
1002039
1000977
998779
999524
1001125
999517
999919
999815
1000920
998961
998893
999894
1000976
1000368
998491
1000958
999326
999916
999370
999252
1001268
1001393
1000307
999827
1001581
1000871
999769
999867
998984
1000322
1000344
999366
1000329
1000182
999572
1001599
1000882
998934
997392
1000383
1000361
1001183
1000774
1000321
1001227
999620
1001967
1000881
999891
999641
999388
1001552
999778
1000289
998344
1000226
998250
999373
1000507
999693
1000192
999724
1000195
998586
1000221
1000533
999270
1000005
1000576
1000438
999032
999304
1001739
1001040
999781
998745
999813
999219
999820
1001872
1000586
998765
999181
1001042
1000406
999348
1001036
996796
999211
998980
1000266
1000748
999774
1001610
1001098
1001298
1001043
1002001
999128
1000968
999324
1000044
999355
998941
1000297
1000799
1000428
1000048
1000544
999482
998906
1000055
1000866
998970
1000574
1001175
999000
999817
998930
999543
999873
998822
1000345
999983
998880
999007
999401
1000191
998765
1000547
999145
1000228
999485
998311
999842
1000141
1000366
999268
1001692
1000299
1000510
999892
1000650
1000725
998989
999491
1000723
1000903
1000886
999083
1001090
999682
1002070
1000686
998192
1000839
998756
998958
999881
1000786
1000529
1000779
999386
999664
1001407
1000871
999208
1000408
998733
1000113
998804
998889
1000824
999525
1000540
1001666
1000191
998745
997553
999678
1000010
1000698
1000867
1000117
1000108
999931
1002555
999084
999491
1000370
1000754
1001602
999981
1000187
1000760
999097
999109
999698
1000415
999952
1001198
1000082
1001025
999726
999270
999697
999466
1001266
1001013
999999
1000238
999532
999885
998478
999139
999509
998472
1000383
1000475
999280
998339
999205
998889
998523
997935
999593
999593
1000619
1000070
1001106
999729
999762
998183
998504
1001714
999424
998457
998261
997986
999646
1001006
998713
1000385
999446
1000142
1001927
1000708
1000869
1000543
1000636
998139
998815
1000978
998794
998461
1000485
1001157
999750
1000140
998415
1000121
999176
999934
1001962
999989
998669
999918
1001689
1000485
1000616
1001028
999141
999778
1000073
1001251
1001401
1000048
999810
999713
998840
1000047
999884
999021
1002136
1001447
999842
998694
1001217
999886
999524
999414
1000442
1001866
999311
1000416
999729
998935
999189
1000096
1000312
999665
1001364
1001089
998976
999663
999750
1001410
999765
1001104
999762
1000731
999513
999384
997606
998246
1002404
1001153
1000070
999390
999809
1000857
1002799
1000717
1001597
999802
1000917
1000118
998088
1000730
1000541
999294
999048
999387
998707
998077
999488
1001996
1001789
1001785
999984
999059
999443
999696
1000633
1001435
999381
1000430
1000204
999872
1000529
998886
1001504
1001517
999241
999679
999384
999503
1000461
999212
1001259
1000219
999570
998987
1000193
998873
1002640
1000260
999741
1000422
1001277
1000093
1000416
1001040
999545
999519
999432
998732
1001129
999014
1000056
998301
1000530
999541
1001272
1000573
1000380
999235
1001906
1000648
998543
1000948
1001537
1000849
1000191
1000758
1000099
1001192
999871
998020
999894
1000963
999924
1001469
1000356
1001379
999149
1002393
1000918
1000886
1001148
999680
998538
1000608
1001500
1000035
998908
1001116
1000761
998360
999769
1000857
998497
1000254
1000476
1001497
1002249
999840
998671
1000086
1000375
998877
999986
1001223
999206
998983
999515
1000257
998890
999727
998527
1000265
1000264
998168
999158
998347
998640
999772
998983
1000586
1002058
1000570
998732
998786
1001543
1000209
997385
999146
999899
999984
999132
1000781
999883
999753
1000160
999401
1001580
999698
998258
1000812
999401
1002692
1000965
1000190
998458
999944
998598
1001595
1000376
999396
998559
998356
1001312
999907
1001255
999289
1000715
999744
1000005
1000874
1000543
999205
998076
999358
1001458
999546
1001190
999781
998380
1001412
998860
1000405
1000953
999576
1000034
1000383
1000762
1000584
1000207
998845
998965
1000198
1000622
1000773
1001788
1001178
1000848
1000817
998402
1000024
1000318
1000377
1001019
998531
1000946
999593
998784
998131
998717
998317
1000725
999357
999955
1001208
998555
999973
1000438
1000958
1000528
1000345
1000550
1001224
1000107
998551
1000220
1000634
1000948
1000915
1000405
999717
999267
1000701
999890
1000839
999732
1000029
1000061
999619
999521
997522
1001465
999572
1000644
1000622
1000706
1001065
1000400
999435
999677
1000585
1000065
1000760
1000396
998951
1000958
1000071
999122
1000517
1000231
998918
998997
999950
1002004
1000109
997886
1002370
999188
1000369
1000893
1000946
1000853
998979
1000376
1000056
999355
1001338
997110
998011
999599
999960
999925
1000334
1000350
998871
999460
1001346
1000074
999165
1001469
1000293
998267
1000836
999035
998818
999447
998632
1000742
1000873
1000059
1000428
1000426
1001784
999623
998422
1000012
999644
1000509
1000298
998741
1000679
1000612
998955
998888
998390
1000003
1002761
997653
998256
999567
998563
999084
1000370
999566
999368
999392
998928
999997
999305
999167
1001101
999510
1000165
1001331
1000234
999789
1000405
998912
999243
998587
999770
1000395
1000082
1000160
999403
999847
999575
1000633
998879
999770
1000688
998903
999848
1000436
999768
1001349
999061
999383
999654
999428
999091
1000132
999956
998565
1001327
999195
998340
1000018
999504
998460
999266
1001332
1000610
1000548
999709
1002052
999944
999287
1001479
999711
999843
1000923
1001085
998774
1000085
998879
1000452
1000652
1000276
999096
1001027
1001554
999555
999965
999394
1001043
1001302
998408
1001131
1000127
1000619
999056
1001606
999330
999812
1000347
999390
998388
1002278
1000630
1001069
999843
1000643
999110
1001178
1000058
998418
999506
1001049
998776
1000271
998910
1001655
999656
1000298
999963
1000931
1001770
999276
999923
999150
1000564
998490
998477
1000794
998704
1000929
999074
1001679
999541
998422
999545
1000036
1000976
1000032
996651
998629
1000051
999074
1000431
999057
1000171
1000208
998600
1000994
1000250
1000150
999670
1000426
1000437
1001513
1000121
1001139
998646
1000949
999858
1000659
999491
1000278
1000896
999824
998540
998952
1000455
997993
999580
999382
1000101
999270
1001654
997895
999770
998455
998550
1000380
997963
998955
999291
997577
1000487
1001243
999071
1000076
1000210
998466
1001160
1000528
1000532
1001975
1000265
1000380
999739
997783
1002970
1000951
999732
999740
999440
1000359
1000375
999438
1000652
998607
1001298
999732
998550
1000598
1001336
1000467
1000815
998227
1002683
999582
1001679
1001217
999421
999767
1000123
999188
1001949
1001345
1000361
1000681
999865
1000249
1000425
999738
1000341
999697
999993
999427
1001176
1001760
1001056
999045
999214
998724
1001835
1000206
1000773
1000129
998682
1000637
1001224
998193
1000686
1002140
1000221
1001238
999871
999335
1000483
1000948
999667
1000705
999660
999489
998934
1000119
999811
1000298
999473
999473
999573
1001860
1000363
1001336
999478
1000589
1002252
998408
1000430
1000250
1001039
999143
999735
998668
1001240
1001443
1001195
1002649
999604
999564
1001162
998378
1001605
1000126
998554
1001430
999753
1000664
999547
1000819
1000281
999212
999965
1001246
1000148
1000833
1002178
999672
1001030
998553
1001014
1001048
999753
998064
1000866
1000486
1001112
1000445
1001089
1000491
1000055
998440
1001832
999535
999213
999372
1001013
1000536
1000902
999166
999910
1000750
1000185
999274
999948
1000169
1000713
1000707
999001
999253
1000562
1000783
999118
999794
1001416
999750
999019
1001510
1000473
999884
1001457
1000550
998454
998948
999679
1000637
1001190
999625
999082
1000609
999970
1000096
1000258
1001637
1000034
999633
999154
998943
999174
1000568
999805
999738
1000168
1001630
998706
1000279
1000406
1000062
1000562
998050
999558
999426
1000050
998993
1001388
999158
999966
999354
1000703
999902
998941
997596
1000389
1000467
999050
1000759
1000644
1000491
999181
999748
1000055
1000525
1001024
1000924
1000618
999581
1001359
999126
1000053
999544
997585
1000768
1001133
1001052
1001185
999270
1001912
1000347
1001755
1000293
1000206
999084
999705
998280
998510
998270
1000282
1000345
1001013
1000174
1000783
999496
1000579
1000230
999534
1000172
1000398
1000344
998913
1000047
1001421
1001401
999038
1000429
1000636
998630
999759
1000518
999919
1001124
1000090
1001676
998720
1000422
1000080
1000551
998726
999120
999737
1000165
998304
1000474
1000218
1000379
999763
999884
999554
998851
998781
999599
999957
999377
997970
1000082
1000372
1000297
1000536
1000292
1001624
999376
998379
1000242
998401
999999
1000389
998283
1000458
1000390
999972
998360
999992
1000649
998339
999698
1000329
999638
1001274
1000725
1002057
999330
1000196
1000492
998602
1001314
999663
1000495
1000622
999316
1000741
1000117
998634
999475
1000252
1000679
998849
1001038
999914
1001537
1000766
1001047
1000852
1000421
1000837
998409
999694
999374
998411
998862
999952
1000129
999464
1000482
1000713
1001198
1001109
999840
999416
999240
1001260
998989
999638
999360
1001019
997163
1001260
999968
1000557
1002064
999744
1000961
999871
999826
998430
998323
999817
1001384
999952
998664
1000295
999340
999611
999936
999862
1000092
999908
1000714
998416
998920
1000546
1000923
1000009
1001978
999222
1001001
1000039
1000641
1001387
1001289
1001122
1000543
999097
1001477
999589
998607
999578
999339
999183
998834
1000497
1000629
998127
999857
998672
1000884
1000118
1001038
998050
1000791
1000471
1001280
999473
998943
999737
998696
999191
999591
1001088
1000219
1001041
998169
1000053
1000586
1000321
1002200
1001283
999711
1000019
997869
999553
1000812
1000003
999051
1001498
999201
1002897
998859
1001506
999924
999754
1002155
998711
998824
998983
999704
999570
999989
999398
997914
1000398
1000291
1000567
1000111
999481
999933
998629
999320
998283
998703
999266
999652
999264
999817
1000505
999694
999353
998639
1000358
999036
1001246
999170
998884
1000157
1001993
1000921
1000699
998890
999293
1000120
999020
998687
998682
1000932
1000993
999693
999643
1000170
999254
1001257
1000266
999985
999750
998541
1000582
998324
999871
999786
999290
999228
999709
999940
998865
1000003
999978
998920
1000192
1001197
1000000
999036
998988
1000360
1000444
1001116
999267
998738
1000481
1000695
1000821
1002392
1000507
1001270
998828
999869
1000550
998952
999591
999885
1000934
999388
1000347
1002100
999488
999136
999185
999727
1001062
1000361
999024
1001692
999197
999726
999448
999393
1000334
1000034
999198
1000820
999588
999132
1001625
999527
1001946
1000785
999786
1000137
998105
1000028
1000149
1000552
1000974
1001083
1001444
1000544
998744
999304
1000196
999761
999653
999652
1000013
1001010
1001941
999266
1000211
999352
999172
998548
998968
999122
1000273
1000430
999990
998770
999439
999189
999858
1000049
999487
999658
999478
1001020
998969
999841
1000005
999968
1000228
1000676
1000403
996747
998961
1000274
1000271
999322
1001088
997989
1000279
1000960
1000175
1000017
999862
1000100
1001144
999509
1000660
999682
999925
999377
1000675
999434
998762
1000068
999188
998187
1000162
999602
1001092
997908
999102
998975
998855
1000318
999200
1001050
1000609
999118
998580
1000292
1000732
1001172
1001568
996739
1000835
1001286
998644
998587
1001247
998871
997962
1001935
1000098
1001447
1000507
1000122
998424
1001775
1001001
998638
999881
1001134
1000964
998556
1000039
999514
1000308
1001524
997940
1001074
1000887
999220
1000440
999392
1001246
999715
1001489
998678
1001636
1000654
999777
1000943
1000676
1001372
999987
1001205
999859
999165
999567
998564
1001025
1001993
1000616
999140
1000352
999176
997169
999742
998637
1000865
999859
999892
1001226
1000883
999276
999767
998599
1000477
1001880
999759
1000456
1000182
1000365
999445
998442
1000272
1001002
1000982
999939
1000396
999054
1000349
998588
998199
999549
1002588
998778
999526
1000097
1001547
999217
1001337
1000020
999035
999390
999570
1001050
1000619
1000365
1000311
1001153
1000762
999824
999504
998261
1000464
999794
999750
1000991
999119
999483
1000066
1000818
999854
1000025
1001330
1000426
1001052
1001909
999151
1000341
1000167
1000182
1000295
999378
1000385
1000262
999892
997874
1000086
1001140
999891
1000019
999982
999995
1000917
999672
999792
1001901
999803
999273
1000869
1000135
1000073
1001127
1000212
999911
1000786
1000170
999083
1000336
999737
998139
1000511
1000576
1002400
1001710
1002030
1000797
1000177
1001385
1000323
1000132
998957
997877
999322
999690
1001996
1000802
1000247
999338
1000138
999018
999655
999104
1000516
999454
1000702
999514
998723
1000523
1000376
998118
1000747
1000761
998615
1000814
999563
998777
999243
999247
1000814
1001350
999883
1000791
998723
999779
999951
998519
1001306
1000871
999665
1000861
1000446
1001150
1001251
1001062
999928
1000385
1002119
1001199
1001680
1000170
1001237
998533
1000139
999367
999997
1000193
998846
999720
1000557
999196
1000491
1000339
1000017
998713
1000796
998606
1001156
999599
999771
1000634
998754
1002499
999744
998784
1001913
1000653
1000236
1000643
1001193
999388
998529
1000137
999664
1000947
997511
999871
1000537
1000290
1000142
1000247
999914
1000070
998901
999649
1001005
1000757
1000283
999760
998701
1000503
1000685
1001377
999689
1000334
1000391
1000158
1001749
1000782
999468
999782
1000473
999326
1000655
1000607
1000455
999699
1001376
999593
999911
998413
999897
1000869
999119
1000633
1001041
998179
999094
999190
999624
999428
999542
999849
1001759
999488
1000603
1000951
997368
998904
1001877
999938
1000185
999429
999226
999524
999120
1000070
999805
1000057
1000655
1000701
1001319
1000511
998785
1001008
998283
1001347
1000288
1002200
998901
1001205
999833
1000045
999170
1000199
1000061
998543
1000762
1002291
1001110
999309
999608
1001260
999443
999640
1000460
998046
1000960
1001107
1000845
998207
1000608
999656
999836
1001270
1000185
1000532
1000870
1002503
1001626
1000439
999987
999423
999935
999401
1001157
1000741
1000177
999835
1001298
1000227
1000946
999190
998984
1000496
999317
1000596
999130
1000710
1000048
1000224
1000319
999240
999917
999261
998522
1000736
999583
1002479
999105
1001738
999952
999813
998739
1000073
999270
999364
999659
1001298
999707
999692
1000937
998326
999103
1001592
1000657
999636
999534
999269
1001971
1000145
1000603
999949
999185
1000550
999717
999635
998948
1000837
1001856
1001351
999988
998820
1001667
1000711
999975
1000899
998652
1000519
1000154
998441
1000530
999873
1001805
999602
1000376
999804
1000469
1000648
999732
1000311
999748
1000079
1000826
999700
999941
998954
999509
999702
999251
1000743
999900
999259
999311
998277
998973
1001072
1001793
999338
998791
1001270
1001507
999972
1000459
998485
1001580
999918
1001112
1000045
998047
1000182
999816
998402
1000270
999416
1001764
999578
999543
999730
999582
1001577
1000360
1000874
999400
1000724
999889
1000585
999563
1002123
999518
997210
1000189
999811
999470
1000378
999022
999942
999744
1001126
999399
998113
1000150
1000509
999952
1000185
999424
1001704
1001334
1001282
1000201
999658
999781
1000225
1001295
999822
998945
1000539
999596
999973
1001328
1000387
1000040
1001197
1001194
1000017
1001277
1000592
998843
999379
1000401
999573
1001440
1001116
998812
999529
999395
999063
1000492
999691
998394
1000100
999195
1000434
998419
999765
998570
1000665
1000504
1000447
1001495
1000634
1000105
1000722
1000729
1000358
