8193	500	0
0	2	93
0	5	29
0	12	58
0	17	75
0	25	36
0	67	27
0	68	1
0	101	30
0	120	74
0	121	35
0	132	100
0	202	16
0	220	89
0	221	97
0	239	2
0	259	49
0	270	3
0	278	28
0	284	76
0	306	48
0	309	95
0	315	48
0	323	75
0	343	58
0	346	100
0	388	58
0	394	91
0	406	5
0	416	96
0	420	65
0	456	32
0	460	27
0	472	71
0	485	87
0	493	97
1	4	42
1	29	4
1	34	36
1	52	7
1	60	50
1	72	23
1	77	65
1	101	91
1	106	64
1	121	3
1	127	93
1	133	38
1	144	14
1	156	70
1	190	49
1	194	65
1	205	50
1	206	18
1	209	51
1	239	11
1	253	26
1	277	26
1	278	42
1	284	71
1	287	32
1	309	99
1	312	77
1	319	53
1	323	15
1	327	40
1	330	57
1	336	40
1	340	36
1	360	46
1	376	45
1	379	43
1	385	29
1	389	41
1	404	8
1	409	72
1	413	63
1	419	33
1	424	72
1	435	16
1	450	35
1	494	3
2	5	46
2	19	72
2	45	25
2	63	72
2	71	84
2	88	21
2	98	75
2	125	41
2	129	95
2	159	21
2	207	64
2	226	58
2	232	51
2	249	78
2	260	100
2	270	78
2	280	52
2	283	13
2	305	10
2	309	89
2	315	69
2	344	7
2	356	98
2	375	75
2	376	28
2	385	99
2	396	91
2	420	17
2	425	76
2	427	9
2	451	47
2	476	3
2	489	39
3	30	5
3	45	64
3	61	79
3	70	34
3	74	84
3	83	58
3	91	51
3	96	76
3	144	82
3	150	18
3	153	94
3	155	61
3	158	26
3	162	85
3	175	58
3	185	56
3	187	22
3	193	32
3	196	6
3	220	12
3	223	44
3	248	18
3	254	47
3	267	22
3	284	15
3	292	10
3	309	3
3	321	70
3	323	100
3	375	57
3	427	31
3	449	8
3	471	12
3	472	99
3	486	34
3	494	34
3	495	15
3	497	85
4	51	21
4	58	75
4	86	5
4	118	92
4	124	65
4	134	8
4	142	77
4	145	58
4	148	66
4	158	34
4	164	72
4	176	90
4	178	98
4	183	54
4	185	96
4	229	58
4	232	45
4	265	26
4	270	31
4	274	44
4	307	12
4	320	95
4	324	89
4	340	43
4	343	66
4	376	87
4	400	12
4	438	17
4	447	9
4	453	41
4	461	8
4	466	73
4	476	56
4	482	55
5	13	93
5	48	47
5	62	42
5	81	18
5	92	48
5	101	96
5	123	21
5	131	60
5	205	88
5	207	66
5	212	30
5	244	96
5	281	26
5	295	57
5	300	90
5	303	95
5	342	9
5	356	55
5	360	5
5	362	16
5	386	43
5	388	38
5	460	43
5	467	57
5	471	45
5	493	51
5	499	70
6	18	89
6	32	4
6	37	24
6	46	100
6	51	14
6	65	29
6	75	42
6	86	19
6	93	58
6	107	2
6	109	91
6	126	26
6	145	3
6	158	73
6	167	89
6	168	70
6	170	63
6	183	30
6	193	92
6	194	52
6	203	68
6	211	12
6	227	95
6	237	62
6	265	26
6	275	71
6	284	2
6	293	64
6	313	84
6	348	11
6	363	45
6	367	90
6	372	71
6	381	42
6	405	88
6	436	47
6	446	96
6	450	52
6	463	45
6	487	65
6	491	7
6	494	84
6	497	82
7	11	81
7	25	5
7	30	87
7	36	18
7	89	43
7	93	89
7	100	69
7	111	22
7	113	39
7	127	53
7	142	97
7	196	52
7	206	41
7	207	24
7	226	93
7	231	100
7	233	23
7	239	72
7	273	90
7	281	68
7	284	71
7	292	69
7	299	84
7	316	81
7	337	94
7	340	79
7	343	23
7	363	68
7	366	74
7	371	98
7	385	23
7	395	31
7	403	27
7	415	45
7	438	100
7	481	10
7	495	93
8	83	50
8	87	82
8	101	41
8	113	5
8	114	99
8	170	68
8	204	91
8	213	49
8	215	48
8	233	31
8	245	22
8	267	71
8	282	42
8	287	35
8	296	33
8	299	100
8	332	92
8	335	49
8	336	77
8	337	31
8	346	78
8	348	64
8	349	59
8	356	87
8	361	84
8	383	20
8	387	35
8	390	6
8	391	12
8	400	4
8	409	67
8	416	54
8	427	16
8	428	46
8	434	46
8	458	95
8	463	6
8	464	58
8	472	41
8	482	93
8	483	51
8	491	40
9	27	50
9	32	75
9	44	11
9	65	23
9	70	30
9	107	79
9	117	41
9	141	81
9	161	64
9	163	22
9	166	27
9	167	17
9	177	98
9	198	90
9	234	39
9	238	19
9	260	76
9	331	68
9	332	20
9	334	7
9	339	56
9	344	70
9	351	97
9	356	54
9	363	58
9	365	27
9	406	96
9	412	13
9	429	32
9	457	72
9	459	50
9	463	22
9	472	33
9	475	74
10	47	21
10	63	48
10	75	3
10	99	17
10	106	9
10	125	35
10	126	47
10	130	81
10	146	95
10	159	21
10	163	95
10	171	66
10	173	59
10	188	55
10	189	19
10	198	90
10	201	13
10	223	93
10	225	5
10	232	31
10	238	26
10	260	15
10	275	85
10	278	52
10	304	95
10	320	43
10	327	80
10	333	82
10	341	81
10	345	92
10	364	18
10	379	18
10	387	53
10	390	70
10	394	30
10	395	8
10	404	91
10	412	42
10	414	95
10	441	96
10	444	60
10	490	48
11	61	32
11	64	43
11	72	39
11	85	32
11	101	91
11	114	9
11	116	56
11	118	55
11	121	70
11	154	17
11	173	85
11	185	96
11	187	87
11	202	72
11	211	43
11	212	7
11	223	9
11	250	65
11	259	90
11	271	1
11	279	97
11	287	35
11	288	51
11	289	14
11	290	82
11	309	29
11	316	50
11	354	39
11	424	48
11	437	4
11	456	60
11	465	16
11	473	42
11	498	42
12	22	45
12	41	95
12	44	81
12	50	49
12	75	16
12	84	89
12	102	93
12	125	17
12	129	6
12	133	30
12	143	50
12	150	34
12	157	45
12	159	72
12	193	73
12	203	48
12	209	13
12	251	74
12	256	42
12	275	92
12	287	68
12	307	97
12	323	92
12	366	63
12	377	56
12	378	15
12	399	20
12	411	45
12	422	65
12	427	2
12	438	55
12	451	37
12	474	18
12	484	58
13	29	73
13	46	37
13	127	3
13	129	15
13	148	56
13	160	35
13	164	28
13	174	68
13	190	78
13	205	64
13	226	94
13	227	93
13	231	37
13	245	64
13	251	49
13	281	59
13	283	30
13	303	39
13	306	63
13	308	79
13	316	70
13	323	96
13	334	96
13	341	39
13	347	13
13	364	47
13	382	42
13	384	94
13	387	92
13	405	87
13	427	22
13	448	63
13	460	4
13	465	92
13	472	22
14	29	81
14	38	29
14	42	99
14	53	41
14	67	66
14	74	20
14	81	24
14	91	88
14	109	37
14	115	32
14	151	18
14	155	33
14	179	88
14	181	30
14	192	99
14	195	29
14	215	20
14	222	88
14	244	45
14	254	39
14	270	22
14	304	61
14	305	31
14	316	92
14	317	56
14	318	90
14	344	92
14	349	42
14	359	29
14	360	60
14	372	17
14	381	40
14	392	49
14	398	49
14	443	59
14	452	53
14	453	35
14	469	86
14	476	47
15	17	62
15	30	43
15	32	88
15	34	3
15	35	50
15	44	1
15	69	31
15	110	38
15	119	17
15	138	4
15	143	62
15	152	53
15	172	3
15	179	55
15	180	64
15	189	78
15	207	83
15	213	2
15	232	50
15	241	65
15	266	91
15	267	27
15	291	50
15	318	44
15	375	35
15	387	35
15	400	42
15	424	76
15	436	29
15	464	99
15	475	2
15	482	23
15	488	97
15	489	81
15	495	79
15	496	100
16	39	64
16	48	96
16	51	36
16	54	61
16	61	5
16	69	79
16	75	41
16	77	81
16	127	96
16	131	34
16	142	24
16	177	18
16	187	88
16	191	63
16	193	72
16	240	26
16	290	17
16	300	92
16	331	32
16	355	98
16	368	76
16	386	20
16	391	7
16	396	79
16	401	94
16	409	42
16	428	76
16	433	90
16	436	49
16	443	78
16	446	47
16	486	14
17	47	15
17	62	2
17	68	4
17	119	21
17	120	61
17	121	79
17	133	92
17	143	60
17	160	1
17	163	41
17	176	69
17	188	51
17	198	90
17	213	69
17	250	60
17	264	98
17	279	45
17	285	21
17	293	70
17	307	29
17	312	62
17	324	42
17	339	72
17	362	43
17	366	46
17	374	85
17	390	22
17	453	46
17	470	8
17	473	69
17	476	99
17	497	61
18	63	88
18	64	48
18	67	37
18	95	46
18	96	56
18	115	24
18	134	6
18	172	80
18	180	82
18	186	80
18	209	79
18	219	15
18	228	87
18	234	76
18	274	53
18	309	67
18	328	62
18	332	78
18	333	43
18	336	12
18	344	10
18	394	44
18	475	83
18	491	13
19	43	4
19	57	98
19	59	54
19	88	78
19	90	34
19	98	47
19	100	11
19	113	78
19	118	14
19	133	49
19	144	30
19	146	80
19	148	39
19	174	34
19	189	82
19	202	46
19	204	75
19	228	97
19	242	85
19	249	31
19	263	45
19	289	79
19	292	74
19	297	35
19	302	12
19	320	58
19	359	60
19	392	88
19	398	11
19	413	20
19	427	5
19	439	87
19	456	48
19	457	60
19	459	12
19	474	47
20	25	1
20	48	95
20	62	98
20	76	45
20	78	39
20	126	84
20	210	100
20	233	23
20	261	89
20	270	13
20	283	47
20	285	44
20	307	80
20	319	41
20	336	29
20	349	7
20	380	81
20	391	22
20	405	69
20	412	62
20	427	42
20	458	83
20	468	11
20	469	85
20	471	58
20	493	68
21	28	54
21	47	87
21	66	65
21	86	12
21	87	49
21	123	58
21	145	6
21	155	61
21	166	28
21	177	99
21	179	77
21	201	88
21	230	6
21	242	37
21	243	15
21	253	20
21	256	43
21	257	28
21	280	2
21	301	62
21	303	11
21	305	19
21	306	33
21	313	79
21	323	89
21	330	40
21	343	10
21	361	50
21	371	77
21	379	32
21	413	29
21	416	69
21	429	63
21	441	93
21	450	3
21	455	62
21	466	75
21	474	36
21	494	49
22	24	60
22	29	40
22	40	55
22	42	74
22	61	42
22	81	67
22	83	41
22	115	57
22	129	54
22	147	84
22	167	93
22	244	5
22	257	72
22	260	28
22	284	71
22	313	32
22	316	41
22	333	65
22	334	72
22	377	56
22	391	85
22	392	76
22	402	53
22	404	5
22	424	35
22	488	21
22	498	65
22	499	3
23	38	73
23	47	17
23	71	69
23	98	28
23	108	4
23	116	52
23	183	60
23	194	47
23	195	49
23	204	41
23	208	26
23	225	39
23	267	33
23	277	41
23	298	17
23	305	100
23	314	62
23	324	91
23	333	13
23	340	78
23	346	17
23	347	52
23	351	34
23	354	55
23	357	79
23	359	47
23	387	49
23	393	25
23	407	84
23	423	2
23	426	30
23	447	65
23	454	74
23	467	34
23	472	4
23	490	87
23	493	38
24	35	38
24	45	92
24	51	62
24	56	85
24	62	14
24	65	80
24	76	10
24	78	17
24	119	77
24	124	45
24	125	58
24	138	34
24	144	84
24	148	98
24	150	66
24	166	51
24	186	73
24	192	83
24	200	93
24	223	32
24	230	53
24	233	78
24	249	83
24	250	86
24	275	94
24	291	59
24	301	16
24	315	13
24	318	49
24	323	1
24	332	42
24	333	26
24	338	79
24	349	93
24	350	99
24	371	37
24	394	59
24	397	32
24	402	28
24	424	29
24	433	1
24	452	58
24	472	66
24	480	41
24	493	51
25	44	62
25	47	60
25	89	40
25	105	52
25	110	80
25	127	82
25	150	96
25	183	19
25	188	13
25	214	57
25	221	16
25	238	11
25	274	100
25	289	69
25	329	55
25	333	65
25	344	90
25	355	19
25	369	32
25	402	79
25	415	96
25	424	74
25	431	90
25	435	92
25	456	90
25	458	50
25	466	5
25	496	62
26	29	54
26	40	17
26	49	59
26	59	83
26	73	66
26	92	100
26	102	72
26	109	73
26	139	13
26	167	74
26	195	20
26	204	89
26	232	2
26	237	60
26	251	21
26	254	32
26	272	84
26	288	84
26	290	39
26	311	25
26	341	11
26	342	54
26	344	83
26	378	53
26	383	79
26	387	50
26	388	48
26	407	68
26	409	11
26	413	20
26	441	64
26	451	45
26	454	14
26	468	10
26	493	77
27	33	40
27	42	12
27	88	43
27	104	20
27	108	85
27	111	89
27	117	85
27	130	1
27	131	92
27	141	50
27	210	72
27	213	31
27	224	58
27	232	72
27	293	23
27	305	43
27	337	29
27	372	24
27	417	82
27	418	9
27	432	6
27	449	59
27	460	89
27	465	3
27	470	29
27	486	98
27	494	61
27	498	39
28	33	33
28	36	56
28	53	8
28	80	67
28	81	77
28	110	64
28	118	35
28	137	28
28	142	54
28	188	6
28	196	53
28	206	8
28	215	45
28	237	63
28	249	51
28	284	16
28	290	37
28	303	33
28	336	8
28	337	45
28	340	53
28	345	37
28	352	12
28	356	82
28	362	78
28	375	66
28	390	92
28	391	48
28	393	72
28	403	95
28	404	65
28	421	77
28	446	33
28	476	10
28	493	8
28	497	64
29	31	7
29	32	47
29	50	83
29	92	17
29	98	26
29	111	25
29	116	87
29	133	82
29	166	81
29	206	100
29	209	66
29	230	94
29	239	53
29	251	30
29	259	28
29	304	58
29	326	5
29	348	20
29	376	43
29	382	88
29	427	87
29	435	28
29	487	31
29	488	95
29	493	12
30	41	7
30	45	21
30	62	85
30	67	57
30	73	74
30	84	77
30	124	82
30	149	6
30	171	62
30	172	60
30	175	18
30	217	28
30	220	79
30	250	66
30	253	88
30	260	87
30	296	62
30	300	73
30	310	99
30	311	99
30	317	26
30	321	83
30	382	63
30	399	21
30	418	57
30	452	74
30	460	95
30	478	46
31	42	5
31	47	59
31	59	17
31	61	56
31	78	17
31	97	2
31	115	29
31	133	85
31	143	76
31	161	66
31	179	92
31	186	6
31	217	7
31	219	90
31	220	59
31	221	77
31	242	85
31	244	48
31	263	48
31	266	66
31	292	95
31	313	29
31	326	68
31	340	87
31	346	92
31	347	4
31	358	20
31	390	23
31	402	98
31	407	28
31	412	43
31	438	61
31	446	8
31	492	84
31	494	24
32	33	38
32	41	12
32	46	60
32	55	17
32	62	43
32	64	40
32	79	35
32	103	31
32	115	33
32	128	100
32	141	86
32	155	15
32	184	33
32	201	93
32	238	42
32	266	28
32	284	75
32	285	65
32	315	50
32	321	90
32	332	63
32	333	11
32	340	86
32	366	84
32	373	53
32	376	56
32	379	76
32	382	71
32	383	43
32	396	71
32	397	5
32	425	62
32	445	76
32	447	80
32	471	61
32	482	47
32	489	92
33	61	31
33	72	92
33	89	99
33	92	16
33	96	29
33	128	100
33	135	74
33	145	75
33	163	94
33	207	67
33	226	99
33	239	89
33	245	45
33	252	86
33	271	64
33	274	98
33	280	72
33	394	43
33	399	25
33	423	100
33	440	83
33	443	45
33	447	61
33	452	87
33	462	86
33	487	55
34	38	65
34	63	8
34	71	1
34	76	92
34	78	39
34	88	62
34	93	2
34	118	37
34	127	91
34	136	29
34	137	58
34	155	75
34	173	28
34	175	5
34	185	68
34	207	63
34	214	27
34	243	90
34	248	31
34	281	3
34	283	19
34	289	26
34	319	36
34	329	33
34	333	20
34	336	100
34	343	48
34	347	29
34	348	43
34	355	50
34	391	69
34	392	25
34	405	32
34	424	100
34	448	54
35	50	9
35	126	54
35	129	3
35	136	17
35	145	36
35	151	2
35	186	96
35	243	20
35	244	59
35	360	41
35	376	7
35	390	32
35	412	95
35	432	6
35	442	96
35	455	46
35	459	80
35	462	13
35	469	30
35	491	88
36	51	97
36	53	76
36	77	48
36	88	99
36	100	51
36	116	19
36	121	14
36	134	44
36	138	8
36	139	14
36	142	80
36	150	48
36	152	43
36	157	49
36	166	38
36	167	84
36	172	43
36	211	76
36	213	42
36	214	67
36	236	20
36	243	92
36	254	81
36	270	3
36	294	78
36	297	69
36	306	4
36	334	15
36	335	50
36	357	3
36	369	67
36	376	94
36	378	78
36	394	64
36	396	78
36	415	35
36	425	24
36	471	52
36	480	10
37	54	86
37	68	71
37	79	99
37	81	35
37	87	85
37	143	59
37	153	74
37	182	69
37	207	84
37	211	6
37	223	42
37	233	80
37	251	25
37	266	99
37	302	72
37	303	100
37	322	91
37	336	47
37	393	97
37	421	30
37	423	77
37	428	82
37	447	64
37	456	84
37	465	84
37	466	86
37	469	58
37	470	63
38	46	57
38	47	14
38	50	23
38	68	81
38	79	30
38	80	68
38	91	54
38	110	36
38	111	3
38	130	19
38	144	84
38	146	81
38	185	31
38	225	18
38	236	41
38	238	98
38	242	93
38	252	81
38	273	53
38	295	19
38	305	27
38	338	68
38	359	54
38	378	50
38	398	68
38	401	64
38	413	36
38	417	13
38	422	10
38	444	23
38	464	63
38	482	78
38	486	68
39	50	48
39	61	50
39	66	22
39	83	42
39	110	41
39	127	5
39	168	39
39	169	72
39	172	26
39	175	12
39	186	25
39	237	57
39	240	62
39	241	43
39	244	48
39	254	12
39	261	89
39	267	67
39	268	31
39	276	21
39	285	68
39	294	1
39	318	32
39	352	18
39	365	96
39	367	84
39	372	49
39	374	89
39	399	69
39	478	93
39	489	17
40	63	43
40	71	55
40	75	66
40	77	98
40	93	66
40	95	89
40	97	2
40	103	11
40	114	23
40	125	41
40	139	44
40	164	60
40	178	4
40	184	71
40	190	3
40	228	84
40	269	91
40	275	90
40	303	38
40	332	12
40	373	56
40	377	76
40	395	51
40	399	34
40	414	80
40	426	82
40	436	38
40	445	24
40	486	94
41	78	34
41	79	99
41	92	8
41	96	89
41	100	7
41	103	10
41	162	26
41	183	12
41	219	31
41	222	68
41	246	23
41	248	54
41	286	31
41	299	93
41	301	85
41	312	50
41	339	62
41	364	32
41	389	59
41	391	17
41	395	94
41	420	75
41	445	30
42	55	18
42	78	7
42	85	90
42	94	38
42	110	99
42	126	39
42	188	1
42	206	5
42	229	100
42	276	10
42	294	54
42	300	60
42	301	13
42	311	29
42	312	79
42	338	31
42	363	29
42	376	74
42	384	82
42	385	77
42	401	28
42	422	99
42	439	21
42	461	8
42	465	96
42	468	31
42	486	47
42	489	31
42	495	47
43	54	8
43	59	21
43	85	19
43	127	71
43	147	53
43	150	75
43	151	6
43	168	93
43	189	44
43	191	99
43	199	72
43	217	25
43	220	29
43	241	69
43	258	35
43	292	74
43	293	53
43	304	32
43	307	82
43	310	50
43	317	61
43	319	30
43	328	89
43	364	1
43	405	51
43	423	96
43	425	28
43	432	73
43	438	38
43	454	37
43	481	27
44	62	44
44	85	65
44	93	70
44	119	13
44	135	65
44	139	22
44	153	69
44	177	49
44	192	36
44	196	16
44	204	40
44	205	38
44	224	14
44	228	36
44	260	76
44	268	91
44	271	87
44	297	3
44	311	32
44	317	61
44	326	17
44	329	39
44	331	63
44	350	49
44	368	34
44	410	17
44	411	43
44	421	67
44	434	90
44	478	73
44	479	79
44	485	83
44	489	78
45	78	82
45	104	29
45	125	65
45	147	30
45	161	20
45	193	74
45	205	35
45	212	13
45	232	85
45	234	19
45	255	90
45	257	6
45	275	35
45	283	12
45	301	60
45	322	49
45	338	61
45	367	8
45	382	4
45	399	50
45	405	35
45	408	48
45	436	13
45	439	95
45	444	72
45	461	16
45	463	7
45	478	74
45	493	41
46	50	50
46	54	66
46	60	39
46	69	11
46	73	35
46	84	27
46	131	9
46	137	67
46	142	49
46	162	82
46	168	77
46	170	28
46	204	49
46	207	48
46	214	29
46	217	5
46	222	99
46	226	12
46	232	56
46	233	62
46	244	67
46	259	36
46	284	72
46	286	96
46	300	37
46	319	23
46	358	34
46	364	82
46	383	39
46	408	100
46	428	63
46	436	26
46	438	34
46	449	84
46	450	92
46	471	67
46	472	44
47	51	55
47	57	57
47	65	21
47	90	10
47	96	61
47	101	1
47	102	83
47	108	40
47	111	79
47	135	49
47	146	26
47	153	27
47	178	66
47	202	32
47	213	35
47	215	2
47	217	34
47	251	90
47	252	90
47	255	54
47	265	73
47	269	35
47	273	47
47	278	35
47	298	55
47	319	39
47	323	87
47	340	50
47	362	62
47	371	51
47	380	47
47	383	40
47	414	20
47	450	25
47	473	15
48	70	65
48	71	68
48	75	47
48	79	79
48	80	97
48	87	76
48	121	95
48	124	63
48	182	47
48	199	72
48	218	25
48	232	13
48	246	43
48	274	40
48	311	50
48	351	24
48	388	53
48	392	76
48	397	59
48	431	10
48	433	32
48	479	90
48	481	98
48	492	92
48	493	61
49	50	55
49	51	27
49	71	84
49	111	68
49	115	61
49	127	91
49	132	52
49	170	64
49	185	76
49	205	74
49	266	66
49	277	10
49	294	84
49	299	99
49	315	24
49	318	86
49	321	64
49	331	60
49	361	61
49	374	19
49	390	14
49	394	3
49	403	95
49	409	14
49	417	87
49	424	29
49	442	4
49	444	13
49	467	8
49	468	78
49	484	55
50	79	29
50	80	45
50	117	91
50	140	93
50	156	81
50	184	41
50	190	70
50	227	13
50	272	96
50	306	39
50	329	72
50	364	41
50	381	63
50	417	68
50	439	36
50	451	75
51	55	30
51	56	34
51	68	46
51	75	32
51	82	83
51	101	18
51	121	6
51	129	44
51	136	27
51	148	30
51	158	16
51	159	28
51	169	15
51	172	38
51	180	25
51	182	8
51	184	100
51	201	23
51	256	85
51	263	69
51	271	50
51	283	57
51	285	65
51	305	32
51	308	45
51	321	95
51	332	91
51	346	13
51	347	41
51	379	98
51	384	76
51	392	47
51	412	53
51	418	16
51	423	40
51	428	86
51	436	91
51	466	41
51	477	94
51	485	2
51	493	97
52	53	51
52	154	60
52	163	24
52	176	2
52	190	64
52	199	33
52	214	23
52	220	30
52	227	75
52	242	8
52	287	97
52	291	14
52	295	66
52	318	93
52	323	8
52	348	89
52	354	16
52	367	94
52	371	57
52	392	36
52	410	12
52	416	1
52	430	33
52	440	76
52	441	73
52	483	74
52	484	87
53	61	60
53	78	99
53	83	8
53	85	54
53	94	44
53	114	76
53	120	58
53	146	51
53	157	26
53	182	91
53	194	50
53	197	95
53	226	50
53	230	86
53	234	32
53	261	20
53	302	45
53	316	2
53	337	61
53	350	81
53	376	46
53	403	89
53	410	38
53	416	79
53	418	89
53	436	5
53	475	95
53	476	1
53	478	55
53	486	90
54	63	74
54	98	95
54	116	43
54	118	18
54	127	97
54	128	92
54	139	34
54	145	50
54	164	14
54	178	42
54	192	56
54	194	26
54	214	94
54	245	97
54	255	73
54	256	20
54	283	71
54	286	84
54	294	80
54	300	40
54	308	94
54	311	94
54	329	72
54	331	89
54	352	77
54	363	54
54	404	44
54	407	62
54	439	85
54	440	12
54	448	32
54	488	77
55	105	12
55	118	17
55	142	50
55	153	45
55	163	47
55	169	84
55	197	86
55	224	13
55	229	17
55	236	70
55	238	82
55	248	48
55	251	24
55	254	32
55	256	74
55	333	78
55	337	27
55	369	71
55	375	18
55	389	54
55	468	56
56	64	52
56	97	67
56	98	71
56	114	8
56	116	35
56	123	53
56	131	91
56	136	34
56	145	23
56	158	84
56	169	77
56	172	78
56	182	20
56	187	60
56	191	19
56	211	49
56	216	81
56	258	34
56	260	79
56	261	58
56	271	58
56	290	73
56	292	26
56	296	62
56	303	82
56	316	57
56	322	31
56	324	84
56	327	29
56	330	89
56	351	27
56	368	15
56	372	94
56	375	18
56	387	51
56	426	14
56	439	63
56	442	75
56	449	73
56	450	39
56	472	5
56	473	98
57	79	55
57	106	29
57	115	7
57	125	90
57	156	1
57	170	62
57	178	62
57	205	21
57	216	5
57	292	34
57	293	38
57	305	33
57	315	56
57	337	73
57	348	89
57	363	60
57	375	64
57	378	54
57	414	43
57	422	49
57	442	7
57	449	62
57	456	97
57	470	53
58	72	35
58	78	86
58	103	56
58	118	52
58	168	90
58	182	76
58	189	95
58	193	58
58	208	96
58	216	30
58	233	78
58	238	40
58	249	62
58	251	29
58	257	59
58	311	32
58	326	94
58	336	96
58	365	1
58	369	45
58	408	24
58	419	60
58	426	100
58	466	47
58	472	4
58	483	4
58	499	68
59	63	11
59	87	54
59	110	85
59	115	17
59	127	20
59	159	73
59	160	20
59	180	64
59	204	93
59	227	67
59	239	18
59	240	84
59	241	17
59	259	99
59	261	18
59	277	30
59	339	86
59	347	70
59	368	17
59	393	10
59	428	26
59	448	85
59	461	95
59	462	99
59	466	79
59	471	32
59	487	30
59	497	13
60	61	78
60	64	93
60	65	1
60	67	81
60	71	3
60	100	35
60	109	24
60	110	72
60	122	6
60	123	28
60	138	83
60	158	67
60	163	74
60	169	25
60	175	16
60	198	61
60	218	28
60	268	47
60	301	40
60	302	31
60	311	92
60	339	62
60	351	11
60	362	70
60	376	61
60	377	23
60	431	75
60	446	96
60	452	32
60	460	64
60	495	93
60	499	75
61	69	48
61	72	75
61	79	70
61	89	36
61	90	95
61	113	15
61	126	53
61	136	90
61	139	37
61	142	88
61	159	82
61	193	61
61	211	93
61	226	55
61	228	94
61	268	22
61	276	68
61	288	63
61	291	29
61	335	57
61	340	33
61	345	63
61	360	28
61	365	97
61	367	24
61	376	7
61	401	31
61	409	75
61	418	23
61	457	3
61	461	38
61	491	81
62	67	86
62	74	19
62	88	91
62	130	76
62	150	18
62	171	50
62	176	66
62	185	11
62	188	92
62	190	7
62	195	98
62	213	4
62	239	25
62	270	63
62	286	49
62	287	91
62	289	49
62	300	14
62	301	67
62	303	39
62	327	21
62	339	9
62	424	88
62	428	37
62	460	34
62	473	40
62	478	9
63	68	80
63	80	75
63	83	3
63	182	25
63	193	10
63	202	24
63	221	8
63	231	68
63	240	62
63	247	31
63	254	9
63	272	68
63	273	71
63	289	81
63	335	56
63	338	86
63	402	19
63	405	58
63	413	98
63	427	84
63	442	54
63	460	99
63	494	5
64	72	71
64	129	44
64	132	28
64	165	49
64	172	72
64	175	58
64	189	75
64	246	85
64	258	97
64	264	11
64	270	39
64	271	34
64	275	16
64	278	30
64	292	3
64	302	7
64	308	22
64	356	86
64	374	15
64	405	9
64	433	17
64	449	14
64	452	61
64	460	93
65	89	60
65	102	90
65	114	3
65	134	30
65	157	63
65	163	57
65	180	56
65	183	80
65	186	14
65	196	13
65	216	40
65	257	33
65	260	52
65	276	41
65	287	14
65	289	45
65	295	85
65	329	15
65	351	73
65	353	51
65	385	84
65	408	90
65	426	8
65	438	29
65	442	49
65	461	63
65	480	43
65	492	25
66	79	13
66	99	4
66	112	37
66	171	1
66	173	69
66	184	98
66	214	72
66	229	29
66	243	60
66	245	37
66	249	32
66	269	24
66	294	4
66	309	23
66	322	50
66	325	50
66	331	21
66	346	9
66	362	59
66	380	68
66	382	14
66	383	1
66	400	81
66	417	75
66	437	21
66	438	34
66	446	38
66	456	19
66	459	1
66	468	25
66	488	90
67	69	72
67	77	14
67	78	31
67	82	100
67	86	82
67	101	81
67	103	57
67	112	70
67	117	71
67	134	95
67	135	90
67	145	7
67	170	70
67	182	56
67	207	68
67	208	32
67	214	14
67	268	3
67	269	66
67	294	80
67	296	90
67	331	61
67	343	45
67	390	94
67	402	74
67	406	95
67	407	16
67	410	82
67	466	14
67	486	52
67	494	77
67	498	83
68	69	6
68	78	7
68	100	86
68	123	60
68	128	38
68	138	63
68	147	76
68	150	34
68	161	49
68	162	15
68	172	62
68	180	99
68	186	92
68	198	96
68	203	13
68	208	21
68	222	24
68	237	82
68	247	42
68	248	76
68	261	64
68	273	78
68	275	97
68	287	70
68	289	38
68	299	81
68	329	96
68	348	35
68	350	12
68	361	25
68	362	45
68	367	74
68	422	82
68	425	64
68	439	22
68	493	57
69	94	5
69	120	26
69	155	86
69	159	97
69	161	74
69	190	82
69	191	5
69	203	62
69	206	10
69	210	55
69	234	53
69	252	71
69	318	30
69	319	60
69	376	2
69	382	22
69	410	5
69	412	34
69	423	100
69	492	75
70	84	92
70	98	15
70	99	88
70	128	95
70	136	100
70	149	91
70	155	93
70	172	7
70	187	45
70	218	34
70	221	29
70	228	61
70	231	11
70	244	93
70	249	42
70	265	93
70	287	9
70	296	30
70	298	27
70	301	17
70	324	35
70	326	74
70	330	72
70	344	46
70	368	92
70	413	15
70	419	82
70	424	42
70	452	56
70	483	96
70	494	75
71	89	64
71	113	21
71	119	2
71	123	64
71	141	83
71	185	74
71	206	76
71	233	76
71	296	66
71	300	23
71	357	98
71	370	79
71	377	98
71	411	43
71	414	40
71	438	71
71	455	58
71	460	84
71	469	80
71	472	43
71	498	8
72	79	61
72	87	47
72	90	17
72	94	74
72	100	28
72	107	58
72	112	39
72	117	96
72	161	82
72	170	72
72	181	82
72	220	78
72	233	50
72	237	46
72	274	74
72	297	61
72	351	89
72	366	95
72	401	6
72	403	53
72	416	14
72	423	70
72	427	5
72	437	64
72	442	48
72	453	60
72	472	89
72	476	10
72	483	42
72	492	90
72	496	44
73	79	31
73	99	58
73	105	66
73	132	98
73	162	75
73	218	81
73	222	55
73	223	97
73	225	19
73	237	25
73	244	85
73	252	77
73	259	8
73	291	72
73	308	48
73	320	56
73	334	15
73	339	56
73	344	31
73	350	23
73	355	9
73	391	75
73	393	14
73	401	33
73	437	47
73	444	7
73	446	46
73	456	48
73	474	1
73	487	17
73	499	62
74	76	44
74	107	49
74	108	91
74	112	16
74	120	21
74	122	66
74	130	49
74	139	76
74	177	98
74	186	50
74	197	5
74	225	72
74	246	40
74	250	70
74	260	89
74	270	74
74	272	51
74	276	78
74	282	43
74	337	64
74	340	39
74	376	44
74	400	47
74	402	58
74	408	23
74	419	12
74	427	87
74	433	8
74	446	94
74	462	39
74	486	62
75	111	46
75	119	54
75	131	59
75	133	74
75	141	64
75	184	68
75	188	63
75	202	63
75	232	75
75	239	8
75	265	32
75	280	73
75	283	52
75	284	90
75	291	27
75	294	61
75	295	46
75	309	2
75	316	2
75	330	88
75	349	64
75	369	36
75	379	9
75	407	37
75	411	40
75	421	5
75	424	40
75	458	36
75	466	58
75	468	17
75	477	51
75	478	76
75	485	35
76	80	50
76	83	63
76	92	1
76	93	9
76	98	5
76	111	39
76	128	10
76	143	71
76	167	55
76	174	8
76	235	94
76	238	18
76	249	84
76	265	90
76	275	38
76	290	51
76	320	46
76	324	41
76	325	68
76	336	97
76	337	98
76	372	95
76	374	95
76	383	69
76	394	40
76	405	39
76	435	85
76	436	1
76	471	20
76	475	63
77	91	74
77	116	40
77	119	94
77	202	41
77	221	88
77	224	94
77	249	39
77	288	29
77	291	23
77	301	76
77	303	42
77	314	29
77	316	75
77	341	59
77	352	5
77	357	18
77	362	68
77	392	37
77	400	38
77	411	69
77	441	10
77	461	94
77	464	2
77	490	28
78	93	3
78	97	67
78	100	12
78	108	39
78	121	90
78	127	99
78	138	88
78	142	69
78	147	39
78	162	42
78	165	21
78	168	98
78	171	12
78	204	82
78	206	71
78	208	21
78	216	80
78	253	90
78	261	68
78	270	53
78	287	89
78	301	39
78	302	5
78	316	89
78	331	2
78	347	9
78	353	80
78	391	20
78	454	71
78	467	40
78	482	39
78	485	29
78	490	7
79	96	42
79	112	47
79	126	56
79	127	49
79	128	60
79	134	77
79	162	7
79	179	18
79	187	34
79	206	74
79	213	13
79	219	90
79	220	56
79	239	100
79	252	37
79	300	77
79	324	32
79	331	91
79	334	18
79	342	69
79	345	20
79	350	86
79	358	9
79	385	63
79	396	94
79	399	17
79	415	42
79	432	49
79	438	71
79	439	26
79	445	65
79	446	27
79	466	49
79	468	32
79	479	28
79	486	31
80	104	30
80	146	44
80	156	13
80	158	98
80	166	42
80	175	42
80	186	2
80	187	37
80	202	89
80	207	31
80	235	28
80	248	87
80	276	31
80	307	85
80	318	60
80	336	16
80	343	35
80	345	96
80	350	51
80	360	54
80	362	70
80	390	11
80	447	17
80	448	5
80	464	1
80	469	56
80	470	5
80	490	13
81	96	73
81	113	79
81	125	72
81	133	53
81	137	26
81	159	52
81	170	10
81	198	87
81	222	24
81	229	62
81	234	65
81	262	76
81	267	29
81	280	14
81	296	89
81	338	69
81	346	91
81	389	64
81	390	75
81	412	78
81	427	79
81	438	12
81	462	84
81	475	98
81	492	63
82	84	92
82	93	77
82	99	58
82	155	9
82	179	80
82	200	13
82	225	11
82	236	14
82	238	91
82	253	4
82	293	35
82	296	29
82	308	42
82	331	18
82	343	73
82	351	96
82	365	10
82	376	4
82	379	61
82	404	1
82	414	47
82	438	17
82	462	16
82	468	99
82	491	17
82	492	50
82	499	98
83	86	60
83	90	14
83	98	87
83	107	87
83	148	57
83	175	80
83	177	7
83	179	40
83	185	16
83	209	56
83	213	96
83	222	81
83	235	74
83	238	36
83	246	39
83	249	53
83	273	58
83	278	80
83	282	81
83	308	92
83	410	99
83	413	11
83	415	16
83	432	74
83	444	29
83	451	56
83	452	15
83	455	60
83	456	81
83	459	99
83	473	82
83	476	37
83	482	31
83	483	23
84	94	75
84	127	92
84	129	20
84	131	78
84	148	93
84	167	7
84	212	2
84	232	58
84	242	70
84	243	100
84	248	8
84	262	73
84	265	81
84	278	69
84	294	35
84	347	59
84	352	66
84	358	56
84	361	37
84	362	67
84	411	67
84	420	34
84	426	45
84	438	6
84	452	46
84	473	83
85	109	45
85	129	88
85	166	36
85	194	65
85	210	74
85	247	70
85	263	25
85	274	16
85	277	56
85	279	86
85	320	58
85	330	28
85	338	14
85	339	82
85	350	49
85	373	39
85	399	27
85	444	28
85	471	70
85	481	86
85	495	86
86	90	29
86	98	41
86	108	46
86	207	11
86	215	67
86	223	50
86	236	48
86	257	53
86	262	3
86	266	86
86	267	12
86	282	34
86	301	66
86	310	89
86	358	96
86	402	17
86	452	31
86	477	95
86	491	42
87	97	9
87	103	46
87	121	21
87	125	37
87	141	33
87	149	84
87	168	34
87	170	4
87	195	63
87	199	29
87	209	25
87	227	68
87	236	42
87	256	46
87	257	85
87	261	74
87	264	22
87	304	45
87	326	67
87	338	89
87	339	63
87	346	5
87	350	3
87	364	97
87	424	78
87	426	50
87	433	79
87	457	15
87	465	20
87	467	14
87	468	8
87	480	17
88	109	61
88	115	69
88	132	81
88	157	35
88	160	20
88	180	39
88	187	27
88	193	8
88	205	41
88	223	79
88	231	3
88	247	42
88	257	39
88	268	91
88	270	77
88	274	7
88	277	59
88	285	17
88	286	62
88	301	39
88	342	27
88	404	67
88	417	9
88	421	99
88	439	97
88	442	34
88	460	5
88	474	46
88	476	98
89	105	74
89	188	22
89	207	22
89	213	91
89	215	80
89	226	59
89	246	4
89	281	27
89	284	14
89	293	92
89	352	37
89	372	46
89	385	55
89	411	54
89	448	68
89	478	72
89	482	96
89	489	40
90	99	64
90	102	37
90	139	88
90	167	24
90	192	13
90	246	18
90	250	60
90	262	86
90	265	87
90	287	35
90	289	46
90	319	84
90	389	5
90	397	40
90	437	60
90	444	27
90	466	60
90	486	81
91	94	100
91	95	19
91	167	11
91	170	46
91	182	5
91	193	68
91	201	75
91	206	87
91	243	93
91	257	66
91	272	22
91	290	10
91	344	86
91	397	83
91	401	82
91	452	76
91	453	53
91	469	99
91	482	57
91	483	5
92	112	65
92	121	23
92	150	42
92	157	43
92	159	16
92	171	2
92	253	87
92	260	23
92	302	39
92	319	13
92	376	7
92	386	27
92	389	99
92	395	50
92	448	70
92	449	19
92	458	70
92	460	37
92	492	96
92	499	8
93	157	40
93	163	21
93	166	50
93	168	55
93	172	33
93	184	30
93	217	75
93	262	51
93	267	67
93	270	83
93	274	61
93	296	14
93	331	76
93	354	44
93	374	46
93	379	69
93	418	21
93	427	47
93	455	86
93	493	61
93	497	35
93	498	69
94	97	34
94	143	32
94	148	87
94	161	94
94	167	93
94	171	25
94	193	20
94	230	39
94	243	6
94	247	26
94	300	72
94	326	80
94	373	15
94	396	2
94	398	25
94	403	45
94	409	16
94	437	70
94	467	28
94	469	13
94	480	79
95	102	30
95	105	36
95	124	71
95	161	30
95	165	67
95	168	63
95	214	9
95	223	33
95	231	99
95	246	27
95	252	48
95	277	97
95	288	35
95	297	30
95	330	57
95	333	64
95	344	10
95	349	14
95	351	64
95	370	15
95	372	11
95	407	93
95	413	40
95	479	35
95	481	87
95	483	18
96	111	36
96	158	17
96	160	94
96	179	87
96	190	27
96	254	14
96	255	63
96	270	31
96	272	61
96	282	67
96	296	79
96	297	3
96	324	14
96	329	79
96	330	83
96	370	31
96	405	1
96	437	94
96	447	77
96	475	10
96	478	49
97	108	49
97	139	53
97	143	52
97	159	4
97	169	5
97	185	55
97	191	84
97	225	42
97	229	13
97	242	34
97	275	92
97	284	87
97	288	46
97	302	1
97	310	63
97	311	56
97	314	5
97	318	36
97	412	1
97	435	88
97	440	25
97	453	82
97	455	19
97	469	24
97	481	93
97	484	75
98	116	15
98	121	11
98	122	25
98	135	94
98	148	50
98	200	77
98	238	4
98	256	45
98	267	31
98	272	18
98	285	20
98	303	80
98	313	61
98	315	28
98	324	64
98	350	81
98	351	81
98	353	13
98	360	98
98	364	4
98	383	11
98	392	57
98	396	14
98	403	27
98	420	8
98	426	17
98	480	71
98	496	6
99	105	43
99	145	47
99	178	41
99	191	46
99	193	77
99	204	21
99	234	85
99	260	61
99	272	80
99	287	93
99	291	22
99	294	42
99	298	56
99	299	43
99	333	51
99	373	85
99	379	42
99	396	75
99	410	2
99	426	29
99	431	62
99	438	33
99	456	74
99	466	4
99	474	61
99	488	98
99	489	14
99	490	84
100	111	17
100	113	25
100	123	35
100	129	21
100	153	2
100	179	6
100	181	64
100	185	25
100	189	49
100	195	50
100	205	65
100	216	57
100	220	71
100	225	46
100	243	28
100	244	10
100	267	62
100	316	6
100	375	50
100	416	90
100	446	26
100	450	54
100	467	30
100	480	37
100	482	11
100	498	83
101	121	13
101	132	61
101	144	76
101	154	15
101	198	8
101	207	96
101	234	5
101	252	18
101	255	50
101	261	56
101	286	99
101	321	7
101	331	83
101	334	59
101	357	46
101	370	71
101	393	77
101	413	99
101	442	46
101	453	2
101	468	2
102	158	54
102	173	96
102	177	68
102	180	20
102	207	61
102	218	84
102	274	62
102	286	58
102	314	65
102	319	30
102	321	94
102	341	15
102	396	60
102	412	39
102	437	31
102	439	78
102	472	54
102	480	27
102	482	36
102	496	23
103	162	46
103	168	59
103	221	74
103	223	7
103	242	52
103	252	26
103	266	89
103	274	16
103	275	71
103	285	41
103	304	19
103	310	37
103	313	15
103	338	49
103	406	69
103	414	14
103	418	14
103	430	44
103	458	19
103	460	20
103	474	58
104	160	77
104	194	64
104	198	81
104	202	60
104	239	78
104	248	48
104	253	9
104	265	65
104	278	99
104	281	61
104	309	82
104	311	79
104	324	94
104	344	74
104	360	56
104	361	63
104	372	39
104	410	62
104	420	19
104	422	58
104	432	79
104	465	88
104	471	2
104	498	46
105	110	5
105	116	13
105	119	74
105	131	33
105	170	22
105	206	83
105	213	37
105	230	8
105	235	63
105	256	92
105	259	54
105	266	55
105	268	5
105	269	98
105	309	97
105	322	46
105	327	19
105	330	67
105	351	83
105	360	100
105	401	77
105	415	27
105	416	17
105	424	8
105	427	9
105	464	45
105	473	42
105	478	38
105	486	99
106	141	50
106	156	94
106	180	77
106	191	31
106	196	47
106	218	20
106	235	31
106	249	44
106	250	12
106	277	47
106	285	26
106	308	92
106	344	21
106	354	48
106	358	94
106	363	45
106	388	30
106	398	92
106	411	58
106	428	68
106	448	96
106	461	98
106	462	11
107	120	31
107	150	88
107	178	22
107	186	4
107	263	83
107	265	8
107	275	62
107	312	91
107	321	72
107	353	31
107	354	97
107	357	95
107	366	78
107	377	49
107	385	75
107	415	75
107	432	68
107	435	30
107	442	14
107	465	20
107	470	28
107	472	86
108	110	99
108	129	39
108	142	69
108	154	100
108	176	40
108	227	10
108	241	92
108	249	3
108	282	66
108	321	89
108	330	95
108	339	3
108	384	100
108	412	7
108	420	66
108	431	100
108	446	36
108	478	97
108	480	80
108	487	65
108	492	45
109	113	5
109	117	54
109	178	34
109	190	55
109	219	97
109	239	50
109	293	2
109	321	38
109	338	84
109	339	36
109	340	1
109	370	85
109	382	17
109	388	57
109	413	75
109	419	72
109	444	33
109	445	70
109	456	4
110	134	83
110	144	11
110	166	82
110	168	43
110	175	14
110	178	9
110	193	14
110	200	100
110	218	66
110	234	56
110	280	56
110	283	73
110	284	57
110	285	42
110	291	87
110	298	57
110	308	95
110	320	47
110	327	50
110	328	18
110	333	10
110	385	30
110	392	68
110	398	99
110	409	8
110	419	37
110	421	2
110	442	80
110	461	87
110	478	92
110	486	34
111	114	22
111	159	79
111	183	96
111	213	49
111	218	94
111	224	12
111	230	43
111	233	44
111	263	75
111	278	61
111	288	73
111	328	32
111	366	26
111	375	11
111	382	83
111	388	64
111	389	67
111	393	61
111	400	40
111	440	38
111	441	98
111	482	42
112	115	37
112	123	80
112	127	52
112	168	46
112	171	60
112	194	67
112	225	8
112	262	82
112	270	70
112	280	81
112	285	48
112	318	66
112	328	53
112	335	99
112	359	21
112	362	89
112	366	57
112	370	9
112	389	88
112	393	84
112	396	77
112	402	12
112	424	100
112	447	40
112	461	61
112	473	97
112	485	76
113	121	54
113	139	18
113	159	53
113	170	44
113	182	26
113	207	11
113	208	92
113	212	56
113	228	27
113	273	33
113	288	90
113	302	62
113	338	35
113	345	6
113	357	85
113	362	77
113	369	1
113	373	91
113	390	73
113	407	38
113	412	73
113	426	74
113	456	17
113	475	97
113	488	59
113	490	54
113	497	38
113	499	61
114	138	56
114	166	39
114	179	50
114	202	7
114	216	1
114	229	30
114	241	31
114	247	96
114	253	5
114	263	85
114	269	50
114	276	86
114	306	65
114	344	85
114	376	25
114	391	1
114	392	70
114	419	32
114	424	94
114	439	89
114	460	91
114	475	17
114	491	32
114	495	83
114	498	71
115	143	47
115	144	13
115	147	74
115	149	15
115	156	82
115	187	11
115	194	92
115	257	46
115	258	28
115	263	13
115	266	13
115	275	2
115	296	56
115	302	35
115	303	53
115	352	5
115	356	91
115	370	63
115	376	90
115	386	67
115	407	94
115	430	72
115	438	67
115	458	29
115	467	34
115	482	95
116	138	32
116	144	34
116	176	7
116	179	25
116	185	47
116	191	13
116	200	63
116	205	33
116	222	76
116	226	20
116	239	30
116	252	14
116	260	34
116	263	97
116	309	100
116	314	83
116	341	69
116	347	36
116	360	24
116	379	76
116	388	100
116	399	55
116	408	28
116	422	35
116	431	97
116	433	18
116	437	53
116	438	92
116	451	35
116	456	66
116	459	27
116	460	23
116	469	64
116	475	78
116	476	70
116	481	27
117	127	35
117	163	71
117	168	95
117	169	76
117	185	52
117	186	73
117	187	83
117	189	17
117	231	92
117	232	57
117	237	88
117	241	52
117	242	65
117	248	1
117	257	73
117	272	19
117	307	55
117	309	38
117	333	15
117	381	46
117	390	83
117	393	30
117	415	27
117	416	96
117	424	35
117	433	11
117	482	71
117	484	83
118	124	48
118	125	43
118	213	5
118	224	50
118	228	90
118	293	50
118	298	55
118	306	52
118	334	9
118	351	1
118	359	46
118	384	75
118	387	12
118	392	94
118	414	52
118	426	1
118	431	31
118	438	36
118	442	34
118	474	48
118	494	14
119	125	74
119	141	51
119	171	26
119	173	77
119	237	16
119	241	60
119	274	49
119	275	97
119	283	40
119	291	77
119	294	74
119	307	68
119	328	84
119	359	43
119	407	55
119	414	80
119	431	49
119	436	55
119	467	30
119	471	19
119	479	94
119	488	67
119	499	82
120	135	91
120	137	9
120	158	100
120	171	25
120	187	9
120	192	6
120	219	29
120	220	99
120	227	55
120	263	54
120	275	79
120	297	17
120	319	5
120	320	47
120	323	45
120	349	67
120	359	81
120	389	6
120	395	93
120	458	86
120	466	56
120	484	43
120	486	47
121	131	83
121	145	24
121	147	42
121	149	86
121	160	9
121	197	94
121	201	79
121	205	98
121	217	21
121	246	35
121	250	15
121	273	20
121	274	54
121	313	100
121	320	88
121	328	70
121	340	90
121	349	60
121	351	77
121	376	7
121	414	33
121	433	71
121	463	29
121	476	5
121	485	11
122	141	40
122	165	22
122	174	43
122	178	75
122	186	83
122	189	70
122	192	51
122	197	97
122	205	66
122	230	32
122	277	9
122	278	31
122	291	2
122	333	18
122	343	61
122	346	47
122	359	60
122	370	91
122	387	23
122	403	57
122	404	71
122	425	24
122	441	32
122	450	19
122	462	61
122	479	91
122	480	100
122	496	65
123	133	15
123	165	5
123	166	77
123	168	28
123	188	92
123	196	84
123	230	50
123	259	25
123	296	43
123	323	61
123	325	58
123	354	79
123	358	18
123	394	78
123	416	36
123	418	62
123	420	71
123	456	40
123	491	18
124	131	19
124	147	48
124	169	88
124	191	49
124	242	97
124	243	89
124	254	1
124	270	92
124	284	5
124	300	17
124	312	3
124	336	84
124	358	35
124	367	41
124	381	51
124	393	37
124	418	26
124	423	14
124	426	74
124	430	33
124	451	41
124	487	28
125	143	14
125	158	94
125	162	97
125	171	73
125	175	41
125	186	49
125	228	40
125	252	78
125	303	72
125	335	26
125	408	17
125	414	63
125	416	18
125	430	17
125	433	10
125	455	35
125	471	7
125	491	89
125	492	93
126	129	79
126	138	31
126	149	29
126	163	47
126	198	57
126	211	22
126	219	6
126	234	7
126	241	74
126	247	7
126	256	66
126	295	26
126	310	54
126	317	30
126	323	96
126	338	90
126	340	25
126	341	94
126	363	49
126	382	20
126	417	38
126	425	64
126	436	59
126	441	14
126	442	62
126	473	19
126	475	92
127	137	38
127	155	13
127	156	74
127	165	15
127	168	92
127	206	99
127	208	23
127	224	38
127	226	37
127	227	61
127	234	23
127	256	55
127	264	79
127	269	72
127	298	34
127	301	77
127	303	5
127	341	30
127	357	54
127	376	90
127	379	76
127	397	11
127	399	29
127	410	88
127	419	78
127	426	70
127	450	29
127	453	97
127	460	43
127	461	92
127	471	67
128	132	57
128	148	28
128	187	34
128	190	100
128	201	15
128	209	37
128	216	70
128	270	83
128	284	62
128	285	67
128	287	47
128	289	68
128	335	36
128	339	65
128	352	15
128	368	98
128	409	7
128	425	33
128	427	37
128	467	67
128	485	69
128	488	51
129	157	89
129	163	81
129	198	63
129	203	10
129	206	25
129	213	85
129	239	43
129	250	83
129	253	69
129	255	77
129	260	85
129	267	84
129	276	8
129	311	32
129	339	95
129	352	4
129	354	41
129	356	19
129	416	32
129	436	94
129	451	81
129	465	90
129	476	68
129	485	28
130	132	65
130	164	6
130	168	57
130	172	38
130	175	99
130	200	29
130	203	5
130	207	55
130	227	72
130	261	61
130	274	57
130	290	87
130	331	83
130	339	47
130	354	100
130	368	21
130	392	98
130	393	30
130	401	93
130	404	74
130	410	38
130	420	84
130	425	88
130	431	35
130	435	61
130	439	28
130	455	24
130	462	27
130	495	75
130	497	31
131	138	5
131	151	1
131	158	50
131	176	41
131	177	52
131	195	31
131	198	23
131	213	94
131	230	69
131	240	26
131	242	62
131	267	86
131	284	71
131	294	60
131	307	94
131	331	80
131	347	27
131	366	88
131	385	2
131	401	63
131	402	73
131	449	86
131	474	17
131	489	59
131	492	49
132	160	44
132	167	3
132	194	56
132	196	67
132	197	81
132	201	47
132	205	65
132	209	44
132	222	19
132	246	99
132	263	85
132	271	37
132	274	57
132	292	92
132	301	56
132	303	15
132	310	54
132	324	91
132	345	57
132	363	47
132	370	93
132	377	29
132	383	73
132	390	32
132	411	32
132	412	90
132	437	56
132	462	50
132	472	19
132	475	25
132	480	21
132	481	16
132	489	44
132	492	25
132	494	49
133	148	11
133	201	9
133	244	5
133	247	28
133	314	62
133	325	85
133	350	88
133	373	43
133	377	17
133	385	21
133	394	30
133	425	16
133	427	59
133	432	94
133	458	91
133	463	32
133	485	42
133	493	73
134	152	22
134	168	1
134	172	58
134	187	85
134	218	49
134	257	82
134	261	18
134	268	85
134	276	29
134	310	23
134	316	64
134	317	51
134	372	17
134	378	45
134	379	37
134	417	48
134	426	81
134	432	98
134	434	12
134	439	70
134	486	71
134	496	75
135	137	91
135	142	35
135	195	49
135	201	55
135	202	94
135	236	45
135	241	92
135	255	95
135	308	46
135	311	82
135	319	44
135	325	11
135	335	20
135	345	82
135	349	89
135	360	31
135	363	65
135	377	16
135	379	29
135	420	81
135	421	17
135	423	2
135	463	5
135	488	77
135	493	92
135	499	94
136	152	9
136	158	83
136	161	18
136	163	94
136	167	21
136	173	88
136	178	31
136	185	89
136	208	76
136	212	41
136	234	58
136	255	23
136	285	61
136	299	19
136	329	100
136	332	13
136	337	32
136	357	2
136	369	24
136	372	68
136	426	67
136	429	52
136	430	27
136	442	19
136	453	33
136	462	17
136	470	39
136	483	2
136	489	49
136	491	18
137	150	93
137	194	66
137	231	77
137	234	61
137	241	20
137	247	50
137	275	82
137	294	28
137	331	4
137	336	76
137	375	60
137	401	5
137	421	71
137	478	78
137	489	91
137	491	67
138	139	79
138	147	4
138	162	66
138	170	21
138	178	32
138	179	24
138	188	20
138	236	36
138	259	28
138	261	66
138	270	32
138	272	55
138	284	78
138	293	73
138	295	90
138	309	37
138	318	69
138	351	93
138	353	63
138	373	60
138	379	57
138	383	5
138	401	17
138	407	80
138	412	74
138	425	43
139	143	44
139	150	50
139	167	30
139	200	97
139	206	96
139	219	34
139	220	78
139	225	93
139	247	87
139	273	52
139	276	70
139	280	3
139	298	83
139	324	39
139	327	96
139	333	19
139	359	46
139	365	93
139	373	85
139	412	84
139	414	23
139	421	12
139	424	52
139	436	97
139	449	42
139	455	71
139	464	20
139	487	2
139	489	17
140	161	34
140	241	21
140	249	92
140	258	96
140	291	83
140	296	56
140	297	56
140	304	76
140	311	10
140	333	8
140	335	98
140	354	7
140	381	68
140	382	12
140	401	99
140	410	77
140	421	7
140	443	81
140	445	37
140	460	68
140	465	51
140	476	88
140	496	46
141	163	32
141	164	24
141	215	29
141	223	13
141	256	54
141	310	30
141	325	2
141	334	99
141	382	20
141	388	54
141	393	24
141	414	72
141	447	85
141	449	83
141	459	15
141	468	54
141	469	100
141	495	100
141	499	96
142	147	88
142	157	40
142	201	68
142	211	10
142	223	44
142	235	24
142	236	19
142	242	93
142	244	35
142	245	88
142	263	6
142	270	47
142	271	50
142	272	70
142	274	30
142	279	67
142	304	66
142	313	73
142	326	88
142	331	69
142	348	81
142	355	3
142	412	25
142	413	39
142	442	83
142	448	10
142	467	2
143	158	53
143	164	45
143	167	6
143	173	95
143	192	23
143	205	37
143	226	13
143	242	52
143	258	27
143	268	92
143	278	64
143	287	16
143	290	97
143	347	36
143	372	69
143	382	86
143	416	12
143	437	30
143	455	22
143	465	34
144	151	78
144	165	57
144	191	36
144	196	10
144	199	19
144	222	65
144	223	90
144	255	48
144	291	2
144	304	22
144	366	78
144	410	65
144	426	61
144	445	65
144	490	81
144	491	59
144	497	51
145	147	35
145	163	67
145	203	43
145	213	57
145	216	21
145	248	66
145	272	23
145	286	94
145	289	72
145	331	65
145	376	89
145	393	73
145	399	16
145	407	5
145	436	51
145	438	9
145	450	33
145	451	53
145	456	74
145	460	67
145	461	53
145	483	96
146	185	58
146	201	78
146	215	16
146	216	48
146	230	18
146	232	90
146	243	81
146	258	15
146	264	53
146	289	47
146	324	72
146	371	17
146	400	79
146	406	67
146	407	2
146	409	75
146	415	94
146	440	39
146	444	86
146	448	22
146	460	86
146	472	48
146	481	70
146	493	28
147	153	18
147	166	99
147	181	39
147	183	34
147	223	90
147	233	31
147	243	85
147	250	77
147	286	31
147	296	28
147	321	34
147	326	20
147	328	100
147	353	61
147	369	15
147	375	66
147	394	39
147	409	94
148	154	19
148	166	79
148	188	58
148	189	49
148	198	60
148	220	95
148	224	11
148	237	7
148	265	57
148	277	27
148	305	8
148	330	75
148	339	91
148	346	98
148	359	16
148	402	23
148	403	79
148	415	81
148	420	67
148	438	97
148	445	2
148	449	13
148	460	86
149	156	100
149	164	46
149	165	13
149	172	67
149	187	34
149	196	64
149	199	66
149	201	21
149	212	13
149	244	6
149	246	82
149	260	1
149	264	93
149	270	43
149	289	79
149	307	63
149	310	52
149	312	94
149	315	95
149	318	66
149	337	4
149	338	51
149	341	46
149	344	8
149	347	73
149	353	6
149	355	47
149	361	40
149	367	66
149	377	27
149	411	30
149	420	14
149	435	42
149	444	17
149	459	33
149	460	6
149	470	32
149	471	92
149	476	69
149	479	27
150	176	18
150	209	43
150	218	84
150	239	80
150	254	56
150	273	6
150	321	91
150	330	60
150	356	11
150	365	34
150	374	54
150	431	41
150	433	90
150	446	35
150	484	69
150	487	7
150	494	94
151	167	48
151	186	72
151	222	55
151	227	20
151	238	92
151	247	93
151	256	91
151	269	96
151	275	96
151	315	10
151	317	45
151	321	79
151	323	49
151	369	12
151	373	45
151	378	44
151	387	74
151	389	67
151	390	27
151	392	8
151	415	83
151	422	35
151	436	56
151	442	2
151	450	38
151	468	25
151	498	51
152	157	42
152	184	41
152	231	66
152	252	47
152	269	95
152	274	4
152	299	67
152	327	23
152	336	67
152	347	87
152	375	98
152	402	95
152	417	49
152	443	56
152	447	52
152	453	61
152	457	47
152	470	28
152	496	98
153	179	41
153	182	9
153	185	70
153	193	20
153	206	66
153	215	83
153	223	85
153	226	49
153	249	24
153	250	58
153	254	4
153	298	5
153	323	37
153	329	4
153	343	92
153	352	76
153	381	74
153	382	54
153	385	97
153	410	88
153	450	29
153	474	4
153	489	100
153	499	30
154	166	39
154	172	39
154	186	11
154	191	89
154	197	88
154	199	68
154	220	13
154	267	34
154	269	39
154	282	88
154	294	91
154	299	43
154	311	80
154	313	62
154	333	35
154	339	50
154	364	55
154	376	81
154	385	73
154	390	61
154	419	99
154	433	20
154	440	89
154	496	38
154	499	57
155	177	82
155	186	99
155	226	52
155	228	51
155	249	85
155	301	27
155	334	1
155	341	49
155	371	3
155	379	8
155	385	28
155	393	51
155	421	67
155	422	27
155	434	11
155	446	84
155	453	63
155	479	30
155	482	74
155	491	23
156	162	7
156	178	95
156	179	15
156	195	54
156	197	37
156	225	88
156	288	55
156	325	92
156	340	32
156	346	88
156	355	17
156	380	14
156	385	84
156	396	2
156	415	50
156	431	38
156	436	11
156	466	6
156	467	67
156	475	18
156	486	83
157	162	2
157	195	66
157	197	9
157	221	30
157	238	7
157	255	85
157	269	57
157	274	93
157	281	30
157	292	37
157	300	99
157	309	36
157	327	17
157	332	99
157	340	22
157	362	33
157	374	73
157	402	70
157	404	55
157	428	13
157	434	5
157	435	18
157	474	70
157	486	75
158	190	22
158	229	20
158	274	26
158	296	81
158	308	2
158	309	52
158	332	52
158	348	15
158	357	94
158	363	43
158	368	94
158	373	32
158	376	86
158	405	23
158	411	43
158	416	92
158	421	86
158	447	76
158	449	32
158	450	38
158	469	47
158	481	15
158	491	34
158	494	68
158	495	11
159	162	73
159	174	46
159	177	32
159	179	71
159	181	76
159	185	87
159	186	13
159	206	42
159	223	17
159	247	87
159	250	52
159	258	82
159	282	59
159	297	90
159	324	71
159	327	79
159	344	61
159	357	11
159	389	21
159	405	82
159	407	26
159	414	7
159	415	46
159	419	19
159	429	57
159	438	80
159	441	1
159	457	72
159	494	81
160	167	74
160	173	63
160	206	3
160	226	54
160	235	38
160	262	14
160	299	95
160	311	29
160	343	39
160	347	96
160	387	4
160	396	86
160	400	39
160	435	22
160	439	6
160	454	16
160	458	7
160	462	77
160	486	18
160	490	66
160	496	9
160	499	72
161	164	40
161	168	28
161	186	19
161	187	46
161	188	95
161	195	85
161	197	99
161	208	86
161	211	89
161	213	44
161	232	95
161	238	91
161	252	43
161	264	27
161	285	3
161	295	69
161	296	26
161	314	29
161	324	68
161	338	48
161	349	37
161	353	63
161	375	33
161	392	98
161	398	84
161	399	24
161	410	4
161	423	78
161	437	67
161	461	53
161	467	2
161	469	78
161	472	43
161	483	3
161	494	62
162	188	79
162	227	70
162	248	58
162	270	37
162	328	42
162	385	42
162	399	13
162	423	93
162	431	50
162	465	70
163	164	97
163	210	77
163	217	80
163	237	2
163	245	20
163	262	72
163	272	64
163	282	45
163	298	91
163	324	76
163	347	91
163	362	78
163	364	54
163	409	18
163	431	24
163	455	3
163	480	17
163	482	84
163	496	93
163	499	53
164	177	56
164	193	48
164	197	12
164	231	84
164	246	20
164	265	51
164	284	90
164	297	33
164	324	59
164	332	58
164	347	91
164	355	41
164	368	29
164	372	59
164	381	65
164	388	19
164	396	57
164	403	29
164	405	40
164	425	99
164	434	98
164	445	78
164	452	74
164	475	10
164	481	91
164	483	12
165	186	58
165	187	51
165	196	64
165	204	34
165	245	19
165	273	15
165	277	73
165	292	76
165	299	18
165	300	49
165	312	26
165	313	95
165	350	36
165	354	11
165	369	31
165	378	74
165	385	53
165	390	65
165	400	88
165	425	9
165	426	37
165	430	22
165	450	77
165	468	24
165	499	41
166	179	54
166	185	29
166	191	15
166	199	67
166	203	82
166	218	34
166	224	40
166	226	7
166	236	42
166	283	43
166	309	6
166	329	78
166	330	91
166	339	13
166	360	73
166	372	61
166	405	21
166	422	80
166	443	49
166	470	63
166	494	35
167	169	98
167	176	66
167	179	99
167	249	85
167	272	2
167	286	14
167	324	92
167	332	94
167	341	58
167	349	80
167	359	73
167	374	11
167	380	59
167	390	51
167	412	49
167	438	19
167	451	78
167	481	83
167	486	93
167	497	62
168	170	56
168	175	10
168	184	37
168	223	17
168	226	7
168	249	85
168	256	94
168	270	73
168	272	70
168	309	32
168	337	74
168	410	73
168	423	32
168	432	3
168	444	90
168	449	69
168	460	71
168	470	21
168	486	37
168	492	59
169	181	75
169	191	23
169	195	33
169	233	84
169	247	64
169	273	73
169	289	54
169	294	70
169	317	24
169	349	38
169	353	50
169	356	24
169	379	27
169	406	53
169	425	32
169	484	42
170	186	85
170	209	22
170	238	98
170	273	46
170	277	78
170	308	20
170	311	29
170	327	16
170	335	12
170	338	88
170	340	85
170	342	6
170	352	13
170	367	38
170	373	56
170	411	42
170	420	93
170	434	19
170	461	91
170	462	52
170	470	20
170	478	18
170	484	41
170	486	56
170	497	100
171	198	5
171	199	28
171	212	12
171	223	70
171	230	42
171	247	1
171	298	65
171	300	98
171	333	72
171	338	100
171	367	90
171	368	71
171	437	74
171	439	42
171	447	65
171	460	9
171	463	96
171	468	31
171	489	59
171	492	32
171	498	90
172	179	68
172	192	16
172	228	99
172	249	48
172	251	8
172	256	35
172	310	74
172	333	40
172	345	17
172	362	87
172	363	12
172	416	86
172	432	80
172	440	41
172	443	87
172	446	97
172	474	24
172	477	58
172	483	17
172	497	3
173	190	42
173	192	90
173	207	71
173	246	75
173	282	19
173	331	89
173	333	1
173	344	20
173	347	92
173	348	12
173	354	55
173	377	98
173	430	92
173	443	91
173	445	100
173	471	95
173	473	14
174	186	59
174	200	28
174	203	9
174	230	37
174	239	96
174	247	50
174	252	15
174	258	79
174	285	55
174	305	61
174	310	84
174	311	73
174	321	84
174	346	58
174	353	67
174	367	32
174	373	46
174	379	79
174	392	64
174	396	91
174	409	71
174	420	84
174	436	55
174	445	2
174	449	95
174	466	44
174	470	68
175	183	17
175	197	12
175	205	69
175	208	50
175	229	40
175	283	54
175	339	23
175	342	14
175	357	76
175	361	96
175	367	85
175	390	22
175	397	38
175	411	17
175	432	27
175	436	26
175	457	42
175	491	22
176	177	63
176	188	21
176	211	30
176	213	27
176	215	84
176	229	77
176	234	29
176	239	85
176	240	61
176	250	50
176	266	95
176	269	95
176	274	15
176	294	32
176	331	41
176	345	36
176	357	65
176	358	14
176	394	62
176	415	82
176	416	84
176	440	93
176	459	60
176	466	100
176	479	20
176	481	13
176	490	63
176	498	97
177	180	89
177	260	81
177	261	63
177	275	98
177	278	21
177	281	88
177	292	25
177	331	39
177	334	68
177	380	78
177	383	40
177	386	62
177	389	55
177	396	68
177	400	49
177	413	31
177	420	95
177	427	16
177	433	41
177	476	12
177	480	50
177	492	49
178	180	21
178	185	43
178	193	99
178	200	31
178	201	78
178	237	95
178	243	86
178	245	76
178	259	16
178	291	5
178	295	15
178	311	64
178	364	76
178	366	82
178	416	36
178	418	82
178	425	1
178	428	71
178	430	33
178	469	13
178	471	28
178	485	20
179	185	18
179	186	53
179	207	66
179	218	63
179	226	89
179	232	51
179	250	85
179	254	24
179	260	8
179	278	90
179	291	35
179	299	90
179	307	50
179	315	52
179	324	42
179	339	49
179	367	38
179	376	31
179	392	65
179	455	20
179	468	76
179	480	9
179	490	88
180	190	51
180	201	38
180	210	66
180	221	25
180	223	35
180	245	74
180	255	18
180	276	20
180	281	50
180	299	9
180	307	15
180	347	30
180	352	11
180	355	15
180	364	95
180	371	76
180	381	83
180	383	58
180	411	21
180	422	73
180	484	67
180	496	34
181	200	56
181	224	18
181	227	87
181	248	35
181	253	72
181	260	27
181	265	9
181	284	9
181	285	62
181	323	72
181	326	94
181	364	12
181	376	79
181	393	64
181	425	19
181	442	95
181	446	15
181	474	46
181	486	50
182	195	23
182	232	42
182	233	32
182	248	2
182	271	82
182	277	45
182	302	87
182	307	28
182	353	10
182	370	81
182	383	76
182	397	80
182	415	45
182	416	35
182	418	1
182	428	16
182	451	76
182	467	68
182	475	24
183	186	20
183	202	61
183	229	55
183	243	2
183	248	63
183	251	93
183	281	86
183	285	12
183	309	45
183	317	12
183	323	16
183	335	65
183	365	93
183	372	7
183	378	94
183	379	40
183	385	34
183	402	23
183	413	15
183	431	50
183	432	12
183	460	78
183	485	35
183	489	37
184	216	42
184	219	71
184	231	61
184	245	27
184	246	9
184	258	4
184	264	48
184	294	75
184	302	50
184	314	90
184	326	75
184	333	16
184	367	47
184	400	36
184	402	76
184	431	50
184	443	99
184	446	58
184	457	98
184	468	21
184	488	52
185	226	94
185	242	43
185	245	50
185	256	82
185	274	95
185	279	85
185	296	50
185	343	29
185	355	19
185	381	63
185	390	81
185	401	46
185	402	76
185	419	84
185	425	2
185	450	82
185	460	53
185	472	1
185	484	98
185	494	39
185	496	5
186	211	19
186	222	60
186	236	24
186	253	90
186	259	49
186	263	44
186	312	24
186	320	15
186	385	79
186	402	60
186	404	90
186	425	35
186	490	43
186	498	32
187	211	65
187	212	67
187	218	59
187	242	90
187	250	97
187	268	100
187	274	79
187	275	52
187	285	73
187	304	41
187	310	81
187	323	52
187	328	3
187	331	51
187	345	78
187	349	81
187	374	43
187	387	94
187	404	16
187	406	36
187	410	62
187	411	87
187	425	49
187	429	22
187	433	42
187	463	20
188	201	86
188	219	7
188	229	14
188	253	99
188	265	13
188	278	39
188	281	20
188	294	26
188	304	1
188	309	67
188	320	72
188	331	100
188	349	42
188	354	57
188	361	4
188	364	83
188	376	46
188	393	64
188	404	23
188	424	33
188	430	26
188	442	32
188	452	23
189	211	1
189	228	71
189	280	55
189	331	42
189	337	42
189	338	93
189	354	37
189	357	49
189	425	2
189	430	82
189	455	94
190	200	100
190	219	44
190	228	64
190	265	70
190	278	71
190	281	32
190	282	72
190	285	50
190	294	20
190	328	26
190	329	65
190	371	29
190	387	50
190	399	32
190	403	89
190	439	1
190	442	7
190	443	19
190	461	57
190	464	10
190	473	89
190	492	94
191	197	13
191	200	21
191	229	80
191	238	48
191	250	6
191	260	49
191	271	22
191	300	30
191	327	21
191	387	21
191	390	56
191	414	34
191	418	9
191	427	88
191	437	49
191	477	80
191	492	79
192	224	61
192	242	94
192	289	28
192	327	43
192	349	97
192	364	33
192	381	13
192	406	4
192	419	13
192	421	40
192	448	79
192	463	15
192	479	7
192	486	49
193	196	38
193	220	66
193	233	21
193	239	80
193	241	80
193	255	56
193	281	8
193	284	67
193	300	45
193	303	30
193	308	21
193	313	86
193	318	47
193	327	87
193	346	19
193	354	44
193	392	94
193	393	62
193	411	27
193	428	47
193	461	3
193	464	23
193	489	64
194	223	5
194	256	43
194	274	4
194	285	34
194	297	79
194	311	69
194	361	83
194	401	12
194	409	37
194	432	47
194	433	47
194	443	73
194	446	38
194	466	51
194	498	36
195	210	41
195	213	95
195	236	53
195	251	37
195	261	93
195	263	37
195	272	6
195	296	49
195	325	55
195	353	19
195	387	81
195	400	73
195	420	48
195	424	32
195	428	77
195	437	55
195	457	21
195	460	51
195	461	81
195	467	19
195	492	35
195	495	95
196	207	50
196	212	93
196	217	27
196	255	49
196	267	33
196	268	100
196	296	38
196	300	66
196	301	53
196	317	7
196	339	57
196	367	56
196	370	27
196	395	87
196	400	85
196	401	4
196	409	20
196	412	58
196	418	88
196	430	42
196	438	80
196	449	79
196	452	49
196	457	68
196	469	38
196	471	57
197	198	50
197	207	91
197	210	100
197	304	29
197	305	47
197	311	96
197	316	14
197	338	45
197	341	51
197	346	56
197	347	14
197	348	57
197	380	85
197	395	57
197	419	11
197	420	20
197	423	9
197	430	80
197	440	54
197	442	92
197	451	1
197	461	88
197	477	29
197	485	25
197	489	47
198	211	5
198	224	63
198	230	34
198	251	25
198	280	58
198	294	21
198	345	39
198	358	72
198	359	62
198	375	43
198	389	43
198	392	49
198	420	7
198	439	31
198	452	96
198	463	54
198	465	68
198	481	5
198	485	89
198	493	4
199	211	94
199	241	39
199	246	42
199	249	73
199	307	75
199	351	68
199	370	18
199	377	78
199	394	63
199	401	80
199	403	55
199	478	27
200	224	62
200	263	67
200	281	27
200	288	21
200	301	57
200	323	30
200	363	89
200	387	34
200	398	1
200	405	95
200	421	90
200	422	15
200	440	14
200	466	41
200	470	14
200	478	21
200	494	43
201	208	28
201	239	88
201	260	27
201	265	89
201	284	64
201	314	21
201	326	14
201	338	70
201	351	32
201	360	60
201	370	83
201	372	24
201	414	33
201	416	14
201	480	6
201	497	69
202	208	84
202	211	67
202	214	1
202	227	60
202	233	42
202	246	8
202	252	11
202	289	92
202	311	52
202	314	69
202	321	70
202	337	100
202	353	10
202	490	15
203	209	8
203	237	59
203	240	20
203	280	40
203	294	71
203	303	19
203	305	17
203	324	57
203	325	54
203	365	61
203	410	60
203	416	21
203	424	61
203	428	100
203	434	48
203	471	9
203	486	28
203	488	25
203	496	8
204	242	1
204	251	6
204	280	81
204	283	100
204	286	58
204	287	14
204	295	92
204	311	23
204	346	61
204	352	96
204	355	72
204	359	1
204	384	9
204	386	57
204	392	37
204	393	81
204	419	96
204	444	100
204	445	84
204	453	24
204	455	60
204	460	3
204	474	56
205	214	8
205	231	85
205	239	40
205	257	33
205	269	68
205	292	22
205	294	88
205	309	97
205	334	53
205	345	61
205	349	51
205	380	83
205	398	1
205	399	91
205	418	40
205	420	48
205	423	76
205	427	48
205	471	63
205	473	33
205	483	82
205	492	2
205	494	22
205	496	23
205	498	31
206	209	15
206	240	89
206	250	85
206	259	60
206	273	36
206	275	94
206	288	80
206	300	44
206	312	45
206	328	69
206	333	47
206	336	39
206	344	4
206	345	34
206	346	46
206	357	52
206	366	39
206	392	32
206	407	85
206	408	74
206	417	34
206	425	23
206	450	73
206	459	38
206	460	76
206	461	54
206	472	24
206	477	57
206	488	74
206	499	25
207	218	19
207	230	46
207	322	81
207	325	25
207	334	21
207	336	8
207	358	43
207	365	80
207	367	45
207	370	45
207	385	16
207	394	33
207	396	8
207	399	71
207	427	62
207	428	39
207	431	85
207	460	60
207	467	72
207	476	100
207	487	52
208	212	4
208	233	51
208	247	98
208	249	59
208	292	43
208	309	58
208	320	96
208	332	49
208	374	42
208	394	28
208	398	77
208	412	63
208	420	12
208	421	54
208	425	7
208	438	41
208	448	99
208	466	93
208	490	97
208	497	37
209	210	59
209	217	20
209	248	62
209	270	19
209	274	22
209	310	83
209	320	70
209	326	34
209	332	98
209	336	33
209	357	16
209	373	61
209	399	50
209	420	44
209	443	72
209	463	60
209	471	93
209	472	87
209	499	7
210	221	74
210	275	63
210	287	46
210	314	79
210	320	33
210	346	17
210	368	35
210	377	85
210	379	51
210	398	59
210	421	46
210	428	7
210	435	64
210	437	6
210	453	46
210	465	8
210	468	51
210	484	32
210	492	71
211	228	92
211	244	44
211	250	43
211	284	26
211	286	66
211	314	31
211	316	41
211	348	81
211	358	61
211	374	69
211	401	98
211	402	62
211	409	52
211	428	58
211	431	84
211	440	17
211	464	53
211	491	72
212	267	86
212	270	74
212	277	14
212	285	83
212	296	12
212	302	12
212	321	70
212	353	5
212	384	41
212	385	54
212	396	24
212	412	65
212	417	85
212	437	94
212	439	89
212	442	80
212	470	77
212	479	3
212	481	20
213	216	28
213	217	88
213	220	65
213	223	71
213	244	28
213	249	36
213	250	62
213	287	40
213	295	65
213	305	85
213	320	30
213	331	69
213	333	71
213	361	73
213	405	81
213	420	98
213	460	3
213	464	28
213	474	100
213	495	57
213	497	17
214	275	22
214	326	91
214	346	72
214	362	41
214	365	70
214	374	16
214	407	20
214	424	98
214	442	69
214	460	85
215	216	66
215	217	85
215	222	88
215	232	40
215	243	47
215	245	12
215	257	81
215	275	8
215	281	99
215	287	76
215	289	40
215	302	9
215	332	82
215	375	11
215	408	19
215	419	91
215	450	50
216	222	89
216	228	95
216	264	89
216	275	64
216	277	50
216	283	77
216	295	84
216	296	79
216	309	10
216	332	48
216	361	15
216	363	81
216	369	44
216	401	63
216	467	6
216	471	6
216	472	96
216	493	63
217	227	58
217	245	37
217	286	76
217	301	95
217	309	68
217	321	91
217	326	78
217	342	85
217	357	10
217	389	32
217	408	63
217	414	34
217	438	60
217	480	68
217	490	76
218	256	57
218	259	7
218	261	15
218	309	1
218	317	59
218	332	95
218	352	5
218	357	14
218	365	33
218	394	51
218	410	10
218	412	48
218	424	41
218	448	10
218	456	65
218	457	39
218	476	23
218	480	46
218	499	33
219	229	16
219	269	86
219	287	61
219	290	58
219	292	68
219	293	58
219	306	46
219	314	81
219	315	84
219	316	54
219	357	89
219	360	47
219	379	12
219	384	2
219	391	43
219	393	48
219	397	9
219	410	92
219	421	37
219	433	75
219	442	69
219	445	51
219	452	61
219	453	11
219	460	2
219	465	21
219	472	95
219	482	66
220	249	35
220	271	83
220	301	85
220	302	97
220	346	89
220	407	7
220	430	91
220	449	98
220	466	79
220	474	56
221	222	13
221	224	60
221	232	69
221	235	74
221	240	86
221	242	28
221	243	41
221	319	13
221	337	40
221	340	71
221	345	49
221	353	22
221	385	13
221	403	56
221	439	27
221	444	31
221	453	97
221	487	6
221	495	67
222	228	68
222	239	99
222	264	15
222	275	81
222	279	8
222	291	99
222	320	37
222	333	75
222	444	59
222	456	94
222	473	72
222	486	90
222	499	66
223	225	44
223	256	65
223	269	86
223	271	67
223	283	57
223	291	92
223	305	78
223	318	51
223	342	80
223	343	61
223	393	93
223	401	65
223	407	15
223	415	30
223	449	66
223	451	35
223	474	88
223	493	43
223	497	61
224	228	2
224	235	65
224	242	15
224	252	62
224	258	68
224	303	42
224	304	5
224	332	12
224	338	74
224	355	71
224	368	94
224	424	7
224	427	7
224	429	21
224	434	4
224	443	77
224	453	31
224	466	53
224	470	50
224	480	48
224	489	55
224	491	52
225	230	38
225	231	36
225	238	87
225	251	74
225	282	28
225	284	34
225	287	19
225	315	9
225	320	92
225	328	32
225	342	20
225	350	42
225	359	28
225	379	98
225	387	15
225	414	100
225	422	4
225	441	53
225	455	56
225	457	72
225	483	98
225	487	19
226	232	83
226	280	58
226	289	12
226	361	86
226	369	60
226	373	49
226	389	79
226	406	4
226	411	67
226	414	94
226	416	65
226	433	85
226	437	88
226	439	2
226	455	24
226	461	6
226	490	90
226	495	92
226	496	23
227	231	3
227	275	15
227	282	85
227	285	89
227	344	91
227	370	83
227	377	86
227	394	33
227	403	96
227	412	38
227	438	52
227	441	9
227	442	33
227	482	90
227	492	5
228	232	45
228	237	31
228	238	44
228	280	40
228	308	4
228	311	26
228	313	22
228	316	29
228	337	70
228	385	99
228	395	69
228	407	95
228	425	1
228	435	61
228	447	52
228	452	89
228	468	20
228	475	69
228	481	79
228	485	24
228	491	92
229	264	88
229	272	79
229	277	86
229	282	61
229	289	58
229	298	100
229	317	55
229	319	37
229	322	82
229	328	28
229	331	52
229	382	88
229	383	12
229	384	21
229	391	100
229	420	96
229	428	56
229	433	3
229	441	19
229	450	25
229	455	81
230	253	100
230	261	41
230	271	81
230	273	75
230	282	26
230	283	64
230	292	86
230	315	66
230	320	8
230	322	12
230	351	61
230	380	53
230	386	1
230	405	13
230	418	16
230	430	27
230	439	61
230	494	80
231	256	72
231	258	55
231	266	91
231	276	33
231	279	12
231	313	66
231	354	94
231	364	74
231	387	6
231	395	74
231	397	86
231	405	45
231	419	38
231	420	71
231	421	86
231	436	22
231	442	66
231	447	82
231	449	41
231	453	100
231	467	89
231	481	52
231	494	53
232	275	58
232	290	95
232	315	16
232	318	8
232	346	35
232	357	67
232	384	16
232	438	22
232	463	72
232	496	94
233	261	46
233	287	95
233	296	79
233	298	87
233	304	2
233	319	27
233	335	62
233	345	24
233	349	21
233	355	57
233	369	84
233	380	67
233	396	56
233	401	88
233	421	25
233	429	34
233	439	47
233	445	44
233	449	45
233	463	7
233	489	74
233	491	15
234	235	88
234	236	54
234	237	70
234	243	68
234	253	91
234	268	30
234	271	53
234	273	4
234	282	71
234	284	23
234	290	77
234	307	87
234	314	82
234	331	39
234	343	23
234	357	42
234	384	73
234	390	10
234	411	2
234	431	32
234	469	65
234	471	17
234	496	40
235	236	27
235	250	46
235	275	27
235	279	34
235	319	87
235	334	75
235	354	96
235	358	28
235	362	74
235	383	41
235	384	96
235	390	14
235	405	77
235	407	94
235	408	55
235	444	50
235	492	46
236	248	2
236	253	2
236	262	20
236	272	17
236	280	67
236	297	99
236	333	24
236	346	75
236	364	90
236	388	68
236	445	30
236	470	2
236	472	64
236	474	71
236	493	59
236	495	93
237	250	32
237	252	63
237	269	87
237	276	75
237	283	49
237	287	34
237	292	32
237	297	54
237	310	88
237	316	23
237	325	64
237	330	77
237	339	65
237	379	88
237	439	79
237	443	52
237	446	18
237	459	15
237	462	40
237	498	46
238	273	92
238	276	28
238	282	75
238	288	8
238	289	90
238	291	3
238	295	82
238	319	90
238	327	28
238	338	76
238	346	6
238	352	10
238	367	61
238	380	89
238	385	40
238	387	91
238	406	32
238	410	67
238	411	62
238	427	88
238	444	33
238	473	25
238	499	54
239	250	47
239	271	95
239	290	81
239	300	21
239	322	7
239	324	3
239	343	69
239	344	78
239	378	31
239	383	38
239	412	63
239	452	68
239	462	85
239	468	88
239	478	50
239	485	73
239	486	31
240	250	39
240	266	2
240	280	28
240	296	44
240	320	40
240	328	35
240	352	14
240	354	4
240	378	18
240	420	97
240	423	29
240	428	35
240	439	31
240	490	59
240	495	23
240	498	22
241	248	27
241	265	14
241	266	45
241	278	95
241	292	73
241	294	95
241	327	99
241	331	73
241	350	55
241	361	3
241	362	3
241	367	63
241	370	32
241	373	38
241	396	90
241	400	7
241	435	87
241	468	37
241	487	79
241	496	71
242	265	15
242	301	39
242	375	90
242	405	61
242	417	51
242	426	86
242	429	4
242	430	37
242	451	18
242	458	23
242	461	63
242	470	52
242	471	45
242	487	40
242	495	26
243	252	62
243	265	23
243	278	3
243	304	49
243	307	12
243	342	90
243	343	22
243	373	69
243	378	46
243	382	58
243	392	74
243	400	88
243	406	11
243	435	13
243	441	34
243	447	70
243	448	31
243	450	87
243	499	15
244	260	35
244	320	83
244	346	75
244	347	52
244	355	10
244	361	5
244	365	19
244	366	10
244	377	78
244	380	84
244	384	69
244	390	71
244	416	6
244	448	13
244	449	16
244	472	59
244	474	88
244	497	97
245	259	57
245	269	90
245	289	100
245	290	63
245	299	93
245	304	70
245	319	60
245	325	98
245	338	55
245	349	3
245	378	79
245	385	87
245	404	65
245	409	10
245	450	30
245	454	73
245	456	45
245	458	67
245	494	35
245	495	52
245	496	49
246	251	60
246	262	81
246	266	81
246	269	55
246	302	71
246	307	25
246	308	9
246	309	1
246	322	36
246	348	48
246	361	5
246	378	78
246	389	95
246	407	7
246	465	5
246	475	19
247	266	78
247	301	20
247	317	33
247	333	74
247	362	15
247	390	95
247	391	57
247	411	4
247	485	88
247	492	68
247	494	9
248	281	49
248	315	65
248	320	15
248	334	17
248	337	90
248	354	7
248	365	21
248	370	52
248	414	21
248	427	66
248	448	89
248	466	5
248	468	49
248	490	10
248	496	22
249	306	72
249	318	64
249	323	14
249	330	52
249	350	85
249	351	51
249	355	88
249	360	59
249	372	66
249	399	46
249	406	25
249	409	76
249	412	4
249	422	84
249	453	45
249	459	24
249	464	52
249	470	72
250	265	85
250	270	12
250	281	75
250	282	65
250	317	21
250	318	49
250	327	7
250	332	46
250	340	88
250	351	53
250	364	88
250	389	50
250	394	56
250	416	23
250	429	59
250	452	38
250	454	100
250	464	89
251	296	21
251	314	11
251	318	70
251	361	48
251	366	58
251	399	94
252	272	63
252	275	93
252	304	5
252	311	84
252	321	56
252	340	3
252	354	14
252	355	26
252	375	67
252	425	45
252	464	33
252	486	90
252	497	11
253	266	70
253	281	86
253	304	68
253	331	67
253	347	46
253	359	32
253	362	22
253	385	8
253	389	5
253	400	92
253	405	44
253	413	6
253	474	46
253	477	71
253	478	54
253	481	92
253	494	8
254	257	86
254	263	96
254	307	82
254	315	41
254	323	66
254	328	73
254	330	40
254	332	75
254	359	20
254	384	89
254	395	85
254	426	88
254	434	45
254	442	24
254	448	71
254	471	44
254	495	64
255	258	3
255	285	50
255	380	65
255	387	80
255	423	28
256	262	18
256	266	51
256	280	38
256	301	35
256	302	40
256	303	70
256	318	91
256	362	44
256	390	71
256	404	96
256	407	81
256	409	77
256	430	13
256	453	55
256	462	32
256	471	57
256	474	93
257	303	70
257	315	25
257	357	77
257	372	20
257	375	82
257	376	62
257	386	76
257	405	5
257	416	4
257	450	55
257	457	15
257	476	83
257	489	43
258	272	32
258	306	25
258	355	35
258	378	84
258	379	66
258	401	55
258	410	5
258	430	67
258	435	1
258	468	33
258	470	89
258	476	42
259	262	60
259	274	39
259	300	47
259	323	89
259	350	96
259	381	100
259	396	76
259	398	23
259	414	67
259	415	20
259	419	75
259	459	61
259	473	19
259	479	99
259	484	18
259	499	67
260	279	15
260	305	55
260	320	47
260	321	88
260	324	70
260	349	16
260	361	66
260	396	63
260	413	5
260	419	85
260	433	11
260	482	45
260	489	24
261	276	81
261	294	45
261	316	63
261	384	68
261	385	9
261	387	65
261	402	58
261	430	22
261	431	40
261	440	100
261	443	20
261	448	22
261	456	41
261	471	93
261	482	26
262	265	3
262	273	18
262	282	65
262	304	50
262	306	89
262	310	74
262	342	73
262	354	34
262	357	17
262	367	68
262	386	52
262	400	24
262	401	96
262	404	5
262	408	70
262	415	49
262	489	51
262	499	18
263	305	74
263	340	8
263	356	78
263	357	34
263	377	61
263	381	30
263	418	41
263	420	15
263	437	59
263	445	40
263	449	83
263	464	70
263	486	95
264	279	29
264	292	64
264	293	23
264	297	74
264	300	38
264	327	35
264	336	38
264	368	71
264	379	74
264	385	71
264	388	65
264	401	18
264	408	24
264	428	39
264	433	24
264	456	91
265	269	96
265	271	35
265	298	92
265	325	87
265	335	94
265	340	98
265	352	45
265	358	96
265	360	95
265	375	37
265	380	94
265	381	83
265	393	40
265	395	19
265	401	17
265	429	95
265	435	59
265	438	39
265	440	66
265	470	19
265	480	38
266	282	7
266	395	10
266	405	94
266	443	71
266	449	88
266	461	11
266	463	24
266	464	75
266	484	81
266	487	39
267	285	48
267	322	32
267	344	21
267	359	41
267	374	56
267	383	51
267	403	9
267	409	75
267	411	86
267	417	36
267	455	87
267	458	7
267	472	15
267	473	66
267	487	30
268	283	16
268	291	29
268	332	26
268	358	92
268	359	1
268	370	88
268	374	26
268	385	100
268	397	54
268	398	31
268	431	16
268	443	7
268	478	64
269	323	46
269	355	90
269	371	25
269	378	27
269	379	26
269	392	3
269	409	80
269	416	36
269	429	98
269	445	91
269	446	69
269	460	73
269	494	14
270	278	87
270	284	89
270	294	38
270	300	33
270	305	40
270	312	5
270	314	96
270	329	69
270	345	73
270	379	34
270	388	34
270	399	19
270	410	92
270	418	29
270	424	57
270	482	20
271	272	12
271	278	40
271	284	70
271	339	94
271	349	8
271	354	54
271	377	99
271	390	17
271	426	82
271	443	25
271	448	17
271	463	99
271	465	82
271	477	84
271	478	51
271	484	80
271	491	98
271	494	19
271	495	66
271	499	61
272	280	54
272	332	16
272	344	33
272	348	66
272	350	99
272	373	70
272	382	62
272	388	81
272	391	71
272	396	17
272	398	71
272	446	98
272	455	2
272	488	82
272	494	94
273	275	50
273	278	9
273	280	87
273	289	60
273	331	41
273	332	52
273	341	2
273	376	19
273	379	44
273	385	17
273	391	35
273	395	46
273	461	32
273	462	24
274	301	74
274	310	73
274	328	54
274	336	43
274	341	97
274	348	67
274	354	10
274	366	38
274	367	44
274	369	79
274	370	66
274	388	34
274	396	39
274	397	6
274	426	28
274	441	35
274	456	77
274	459	76
274	462	47
274	495	98
275	299	12
275	332	39
275	334	64
275	372	31
275	373	38
275	393	85
275	402	3
275	434	35
275	437	46
275	439	38
275	491	13
275	492	8
275	494	9
276	280	37
276	296	77
276	341	60
276	423	85
276	426	66
276	476	5
277	308	48
277	321	76
277	322	2
277	340	44
277	362	34
277	388	77
277	394	36
277	409	72
277	413	55
277	421	31
277	427	15
277	450	71
277	499	36
278	279	7
278	291	64
278	303	53
278	317	14
278	336	62
278	342	84
278	346	72
278	365	26
278	392	68
278	429	21
278	434	31
278	439	13
278	454	4
278	461	34
278	482	30
278	483	98
278	486	54
279	314	2
279	398	63
279	418	57
279	424	64
279	448	90
279	461	81
279	464	10
279	478	73
279	491	91
279	494	72
279	498	39
280	300	42
280	301	38
280	306	33
280	323	84
280	338	29
280	365	61
280	367	63
280	372	29
280	380	52
280	384	79
280	404	54
280	451	88
280	456	11
280	471	39
280	474	28
280	478	90
280	481	100
281	300	54
281	309	6
281	315	67
281	320	28
281	326	39
281	340	93
281	373	3
281	374	15
281	377	72
281	382	66
281	385	28
281	387	9
281	411	87
281	428	92
281	457	43
281	481	73
281	497	49
282	290	8
282	297	57
282	308	58
282	324	98
282	353	27
282	356	54
282	383	19
282	392	100
282	399	32
282	400	58
282	422	90
282	427	23
282	462	13
282	468	95
283	295	60
283	300	50
283	314	2
283	318	15
283	330	34
283	336	40
283	358	27
283	362	7
283	364	67
283	378	43
283	395	51
283	400	90
283	402	58
283	420	91
283	431	76
283	437	41
283	450	96
283	462	54
283	479	1
283	493	11
284	321	17
284	332	48
284	343	18
284	352	17
284	379	77
284	380	91
284	383	22
284	412	46
284	439	72
284	445	79
284	449	6
284	456	5
284	458	91
284	476	16
284	479	44
284	489	72
285	325	65
285	326	55
285	360	6
285	370	26
285	395	38
285	408	37
285	417	84
285	419	58
285	443	61
285	449	18
285	463	74
285	481	73
285	494	1
286	298	54
286	339	32
286	366	22
286	387	69
286	393	33
286	408	29
286	422	61
286	431	90
286	440	68
286	443	23
286	447	52
286	467	33
286	492	68
286	493	16
287	295	54
287	309	29
287	312	71
287	318	31
287	323	5
287	326	67
287	356	79
287	376	8
287	377	18
287	384	74
287	388	36
287	395	14
287	402	83
287	410	83
287	422	80
287	466	47
287	488	57
288	330	47
288	341	26
288	343	84
288	345	40
288	346	87
288	355	91
288	367	66
288	370	25
288	408	75
288	433	8
288	446	11
288	450	60
288	461	10
288	468	12
288	474	40
289	291	84
289	292	9
289	295	55
289	309	34
289	321	87
289	337	45
289	345	85
289	350	38
289	353	97
289	354	8
289	355	58
289	374	64
289	384	15
289	398	45
289	404	17
289	405	68
289	408	17
289	415	66
289	433	66
289	481	30
290	299	68
290	317	73
290	319	26
290	328	94
290	346	89
290	356	18
290	395	27
290	398	67
290	419	48
290	437	64
290	444	82
290	456	35
290	477	51
290	489	90
291	301	59
291	306	91
291	311	7
291	337	2
291	340	64
291	372	50
291	383	87
291	391	24
291	439	24
291	465	80
291	467	56
291	476	32
292	297	98
292	316	44
292	319	85
292	331	98
292	356	55
292	378	11
292	383	84
292	388	98
292	395	87
292	400	92
292	432	8
292	439	15
292	450	71
292	471	68
292	477	74
292	483	35
292	497	54
292	499	6
293	307	52
293	312	8
293	321	33
293	325	23
293	338	73
293	347	86
293	354	47
293	367	28
293	370	74
293	386	54
293	395	35
293	404	75
293	406	97
293	409	75
293	446	90
293	448	91
293	480	14
293	484	25
293	485	65
294	318	33
294	320	60
294	336	2
294	351	20
294	386	16
294	390	75
294	392	4
294	416	85
294	445	99
294	454	96
294	463	75
294	472	84
294	494	25
294	498	13
295	297	71
295	305	13
295	329	25
295	332	80
295	350	78
295	354	29
295	355	9
295	359	44
295	367	24
295	369	51
295	386	49
295	393	63
295	400	67
295	420	63
295	449	37
295	484	28
295	489	71
296	311	94
296	329	45
296	342	62
296	343	13
296	354	67
296	402	11
296	410	50
296	415	45
296	424	3
296	434	64
296	455	57
296	474	24
296	479	65
297	312	49
297	368	77
297	378	43
297	413	7
297	420	97
297	422	37
297	448	78
297	489	12
297	493	10
297	497	92
298	455	78
298	480	34
298	493	33
299	300	60
299	357	74
299	365	25
299	428	77
299	432	6
299	473	14
299	496	9
300	310	84
300	316	69
300	318	17
300	324	70
300	339	34
300	381	54
300	423	29
300	480	32
301	351	19
301	384	8
301	390	11
301	403	40
301	418	57
301	426	77
301	456	54
301	457	90
301	463	87
301	464	79
301	475	84
301	481	30
301	482	11
301	485	24
301	487	49
302	324	27
302	328	42
302	338	70
302	347	9
302	381	42
302	390	88
302	406	59
302	438	87
302	453	38
302	469	2
302	497	91
303	304	74
303	306	90
303	319	97
303	323	50
303	335	90
303	337	3
303	353	51
303	369	46
303	370	73
303	402	23
303	413	74
303	426	88
303	428	19
303	431	58
303	433	77
303	474	61
303	484	45
304	308	100
304	313	53
304	356	61
304	369	36
304	371	15
304	399	100
304	403	39
304	404	62
304	409	68
304	420	35
304	422	15
304	465	94
304	467	14
304	469	48
304	474	44
305	306	57
305	357	55
305	359	63
305	368	14
305	373	66
305	405	58
305	413	97
305	430	96
305	493	57
306	321	99
306	324	15
306	341	24
306	346	71
306	348	74
306	366	41
306	368	92
306	369	64
306	373	21
306	375	81
306	384	42
306	386	68
306	418	98
306	424	21
306	438	11
306	485	59
307	343	24
307	348	95
307	358	15
307	361	52
307	365	48
307	394	77
307	404	94
307	461	25
307	462	80
307	486	43
308	309	29
308	323	79
308	332	99
308	344	47
308	360	37
308	363	74
308	381	98
308	383	22
308	392	89
308	407	8
308	424	60
308	430	35
308	464	55
308	470	17
308	479	28
308	483	59
308	493	29
309	325	98
309	329	66
309	338	7
309	346	56
309	350	29
309	356	18
309	377	16
309	386	49
309	409	92
309	425	47
309	441	51
309	479	84
309	490	73
309	492	63
309	495	91
310	331	69
310	358	46
310	391	4
310	395	75
310	451	26
310	453	93
310	467	45
310	472	9
310	489	48
310	491	1
311	327	78
311	336	92
311	351	14
311	400	59
311	432	28
311	480	61
311	486	50
311	493	37
311	497	29
312	325	93
312	371	73
312	400	31
312	421	81
312	426	83
312	449	21
312	458	29
312	465	4
312	476	84
313	338	11
313	351	64
313	385	68
313	386	37
313	416	86
313	454	49
313	466	43
313	485	55
314	316	74
314	326	65
314	332	5
314	335	57
314	357	10
314	361	84
314	377	52
314	379	8
314	403	63
314	470	20
314	471	63
314	476	73
315	365	40
315	366	62
315	372	43
315	374	83
315	384	4
315	389	46
315	399	2
315	407	39
315	447	57
315	458	44
315	462	33
315	464	99
315	481	73
316	377	16
316	380	79
316	403	5
316	410	18
316	428	38
316	447	13
316	451	60
316	456	79
316	481	48
316	491	76
316	499	16
317	376	15
317	434	98
317	441	42
317	460	63
317	465	49
317	468	4
317	475	52
317	494	95
318	320	70
318	331	94
318	341	72
318	343	39
318	350	83
318	358	32
318	364	79
318	376	67
318	387	15
318	410	51
318	419	22
318	420	87
318	426	66
318	431	80
318	445	12
318	451	14
318	453	46
318	456	65
319	333	18
319	338	29
319	343	78
319	363	41
319	388	43
319	415	25
319	425	63
319	465	18
319	496	93
319	497	21
319	499	33
320	322	19
320	323	61
320	337	82
320	362	94
320	364	47
320	392	20
320	413	46
320	433	68
320	465	35
320	480	41
320	485	44
320	492	88
321	331	38
321	335	34
321	339	46
321	366	6
321	382	51
321	388	59
321	402	66
321	451	32
321	461	29
322	329	60
322	331	61
322	357	69
322	364	65
322	374	11
322	393	93
322	397	67
322	421	91
322	442	82
322	446	94
322	478	93
323	345	3
323	363	44
323	402	60
323	405	7
323	424	47
323	435	16
323	436	84
323	440	97
323	449	6
323	475	26
323	479	70
323	493	49
323	494	19
324	333	43
324	372	14
324	435	23
324	443	94
324	447	92
324	461	45
324	468	43
324	479	39
325	359	43
325	404	59
325	412	36
325	420	69
325	431	89
325	458	77
325	464	63
325	473	17
325	485	72
325	493	77
326	328	37
326	351	94
326	360	82
326	361	80
326	363	25
326	373	3
326	389	34
326	398	20
326	412	10
326	423	45
326	448	93
326	461	32
327	354	57
327	361	55
327	362	88
327	393	11
327	402	31
327	416	62
327	420	38
327	434	6
327	443	77
327	445	56
327	447	51
327	457	53
327	493	88
328	369	65
328	385	85
328	393	96
328	395	97
328	400	62
328	455	62
328	468	24
329	342	88
329	362	76
329	393	22
329	395	92
329	412	73
329	432	80
329	478	46
330	343	33
330	360	92
330	396	71
330	422	49
330	430	89
330	449	86
330	461	14
331	337	16
331	338	13
331	344	46
331	367	99
331	404	46
331	407	1
331	409	94
331	431	50
331	438	37
331	444	99
331	445	84
331	451	71
331	468	26
331	490	4
332	336	51
332	350	1
332	392	71
332	398	26
332	414	98
332	446	33
332	472	25
332	476	40
332	486	76
333	343	90
333	349	14
333	361	28
333	380	28
333	414	89
333	429	21
333	452	80
333	472	23
333	498	82
334	340	7
334	341	75
334	372	58
334	391	58
334	405	2
334	433	9
334	434	56
334	463	34
334	473	64
334	480	40
334	495	61
334	497	4
335	341	14
335	394	29
335	414	86
335	422	30
335	445	1
335	466	52
335	470	7
335	483	42
335	487	21
336	337	72
336	343	71
336	352	76
336	356	82
336	368	68
336	376	74
336	380	96
336	383	25
336	416	9
336	424	63
336	436	46
336	443	32
336	492	71
337	339	70
337	378	7
337	394	99
337	412	70
337	464	8
337	483	28
338	341	11
338	356	17
338	380	23
338	405	9
338	432	65
338	441	35
338	465	82
339	340	89
339	368	65
339	374	67
339	381	2
339	384	77
339	386	26
339	403	97
339	407	76
339	424	14
339	443	58
339	455	62
339	465	12
339	469	37
339	484	54
340	352	33
340	375	69
340	414	71
340	440	28
340	468	80
340	498	93
341	345	50
341	375	88
341	384	33
341	385	72
341	401	85
341	406	91
341	410	75
341	411	38
341	418	74
341	451	48
341	458	6
341	483	96
341	486	99
341	498	52
342	367	98
342	368	84
342	371	15
342	394	17
342	399	70
342	406	42
342	416	38
342	467	15
342	468	73
342	472	28
342	498	48
343	346	31
343	381	85
343	385	7
343	391	61
343	417	4
343	423	92
343	497	12
344	347	79
344	368	61
344	391	4
344	436	71
344	458	64
345	373	6
345	385	11
345	391	27
345	401	82
345	405	78
345	407	18
345	411	68
345	421	11
345	456	33
345	459	9
345	468	14
346	347	9
346	367	94
346	371	24
346	390	81
346	403	58
346	408	20
346	451	26
346	457	100
346	472	22
346	484	1
347	384	64
347	411	45
347	418	83
347	419	84
347	466	21
347	489	70
347	495	44
348	351	22
348	372	20
348	388	66
348	400	47
348	405	36
348	431	79
348	438	87
348	441	67
348	481	48
348	484	62
348	489	68
349	374	31
349	409	68
349	436	34
349	479	50
349	487	8
349	498	85
350	362	49
350	367	2
350	372	62
350	405	27
350	408	96
350	435	81
350	465	93
350	470	52
351	358	37
351	382	56
351	395	68
351	399	40
351	406	70
351	411	38
351	444	67
351	457	82
351	464	73
351	484	83
352	366	59
352	388	29
352	443	76
352	488	41
352	493	78
353	394	46
353	413	37
353	415	97
353	474	100
353	476	11
353	478	77
353	490	19
353	493	34
354	356	50
354	365	76
354	375	20
354	380	15
354	383	26
354	387	99
354	397	56
354	440	1
354	474	46
355	359	19
355	366	61
355	382	96
355	410	69
355	414	40
355	429	35
355	450	64
355	453	24
355	455	83
355	475	23
355	497	2
356	365	83
356	368	18
356	375	16
356	412	24
356	437	57
356	457	13
356	471	26
356	482	57
357	365	19
357	377	63
357	388	45
357	403	59
357	416	78
357	428	85
357	481	15
357	494	37
357	497	84
358	360	22
358	378	53
358	380	39
358	397	4
358	474	12
358	476	43
358	486	63
358	494	81
359	366	11
359	384	8
359	390	74
359	447	96
359	464	92
359	473	20
360	363	100
360	368	67
360	377	9
360	411	32
360	413	58
360	418	56
360	455	70
360	461	34
360	462	98
360	463	29
360	484	73
360	495	73
361	372	30
361	374	85
361	381	83
361	417	17
361	441	25
361	448	80
361	474	77
362	369	47
362	377	95
362	383	62
362	403	75
362	412	5
362	464	81
362	469	44
362	497	53
363	396	53
363	434	2
363	457	88
363	459	29
363	467	51
363	477	45
363	492	93
364	367	53
364	370	86
364	388	69
364	411	44
364	414	48
364	442	54
364	450	73
364	472	10
364	487	65
364	491	42
365	401	74
365	403	26
365	434	79
365	440	60
365	446	18
365	455	86
365	469	88
365	483	31
365	492	55
366	374	13
366	379	29
366	381	88
366	385	35
366	392	95
366	418	33
366	419	70
366	423	72
366	439	30
366	451	1
366	453	57
366	479	68
367	386	12
367	467	87
367	471	13
367	474	98
367	489	5
368	374	47
368	384	8
368	386	81
368	429	90
368	450	99
368	471	81
368	473	2
368	474	13
368	490	1
369	372	18
369	385	16
369	388	45
369	402	72
369	423	96
369	470	54
369	477	97
369	496	49
369	498	50
370	376	80
370	386	88
370	389	75
370	422	40
370	424	86
370	437	80
370	467	16
370	470	96
370	496	13
371	376	68
371	385	7
371	390	11
371	444	58
371	467	42
371	473	37
371	474	94
371	476	31
371	499	33
372	390	80
372	392	72
372	401	27
372	411	29
372	432	46
372	436	42
372	438	7
372	440	77
372	469	31
372	473	15
372	483	46
372	487	52
373	378	16
373	429	81
373	431	95
373	443	4
373	448	79
373	450	59
373	477	91
373	496	82
373	498	57
374	380	16
374	408	31
374	424	90
374	428	38
374	435	3
374	448	68
374	460	43
374	491	58
374	498	37
375	398	56
375	437	7
375	456	85
375	476	53
375	480	74
376	409	36
376	422	53
376	430	35
376	446	73
376	454	100
376	466	81
376	478	14
376	487	51
376	489	67
376	498	64
377	378	99
377	382	10
377	383	85
377	385	67
377	403	55
377	405	28
377	407	50
377	413	26
377	453	42
378	398	23
378	399	75
378	441	85
378	456	90
378	484	54
379	385	25
379	391	54
379	406	93
379	411	74
379	449	31
379	457	12
379	459	90
379	485	98
380	397	3
380	398	39
380	400	36
380	406	3
380	421	98
380	426	29
380	452	35
380	460	80
380	465	70
380	486	7
380	491	18
381	399	56
381	404	65
381	408	71
381	432	11
381	447	97
381	457	69
381	464	60
381	467	34
381	477	79
382	402	14
382	406	42
382	421	22
382	431	99
382	433	67
382	465	55
383	385	9
383	391	11
383	403	45
383	427	35
383	442	11
383	447	60
383	462	98
383	463	11
383	469	84
383	472	91
383	491	20
384	389	84
384	418	85
384	419	5
384	421	73
384	457	34
385	403	32
385	404	12
385	410	93
385	423	94
385	429	70
385	437	61
385	440	24
385	449	47
385	451	51
385	465	55
385	490	43
385	495	28
386	398	87
386	415	7
386	489	18
386	492	5
387	408	20
387	436	5
387	447	94
387	455	34
387	458	18
387	486	19
387	497	16
388	401	25
388	408	46
388	420	55
388	445	20
388	449	40
388	468	9
389	391	36
389	422	59
389	429	68
389	458	66
389	485	88
389	497	44
390	414	13
390	424	32
390	428	42
390	450	24
390	453	58
390	474	100
391	399	56
391	412	70
391	424	42
391	425	75
391	444	1
392	416	40
392	427	68
392	440	34
392	482	14
392	492	43
393	402	17
393	468	61
393	480	81
394	395	74
394	398	36
394	401	73
394	414	16
394	428	86
394	430	73
394	440	36
394	451	25
394	454	94
394	465	50
394	469	32
394	473	66
394	481	82
394	491	13
394	494	27
395	401	87
395	414	42
395	415	67
395	423	45
395	444	34
395	445	16
395	473	44
395	480	26
395	491	99
396	403	11
396	406	71
396	417	73
396	439	28
396	443	94
396	463	60
396	475	13
396	485	37
397	405	36
397	407	74
397	413	38
397	439	94
397	445	41
397	453	82
397	481	15
397	484	54
397	490	65
398	436	56
398	463	68
398	473	1
398	488	7
398	493	3
398	497	9
399	407	82
399	412	42
399	446	95
399	479	10
399	486	30
399	492	28
400	401	68
400	412	97
400	428	59
400	443	57
400	478	59
400	484	38
400	485	31
401	403	40
401	428	70
401	464	46
401	475	74
401	487	19
401	489	23
401	491	31
402	405	87
402	418	77
402	431	1
402	454	45
402	472	60
402	480	91
402	493	68
403	406	12
403	429	1
403	432	7
404	422	71
404	439	49
404	454	50
404	456	71
404	461	96
404	462	66
404	474	72
404	490	16
405	417	99
405	453	13
405	454	19
405	466	50
405	467	53
405	482	95
405	490	11
406	416	18
406	419	37
406	428	37
406	435	19
406	443	13
406	464	8
406	466	89
406	477	25
406	489	17
407	411	4
407	422	43
407	446	86
407	448	87
407	482	26
407	490	7
407	499	74
408	425	87
408	429	90
408	432	63
408	473	44
408	498	45
409	435	52
409	437	10
409	448	67
409	485	16
409	489	29
410	412	40
410	418	36
410	472	88
410	496	74
411	435	23
411	438	12
411	458	62
411	463	65
411	486	49
411	497	49
412	419	92
412	420	22
412	436	5
412	441	4
412	470	85
412	488	66
412	489	65
412	494	98
412	497	55
413	417	76
413	428	2
413	446	23
413	474	86
413	476	27
413	488	22
414	422	52
414	482	80
415	448	33
415	453	55
415	464	97
415	498	14
416	452	46
416	458	87
416	467	29
416	474	53
417	426	42
417	427	91
417	436	6
417	443	90
417	453	67
417	458	58
417	460	79
417	472	82
417	494	35
418	441	51
418	450	92
418	455	16
418	461	3
418	497	79
419	447	78
419	451	33
419	462	76
419	478	18
419	482	83
420	427	18
420	468	46
420	494	62
421	443	79
421	453	57
421	456	67
421	481	57
421	498	78
422	434	43
422	438	14
422	470	8
422	471	44
422	487	100
422	490	2
423	470	20
423	493	88
424	428	44
424	469	40
424	474	60
425	427	74
425	429	4
425	455	21
425	458	87
426	443	64
426	464	27
426	469	43
426	472	55
426	480	58
426	489	25
427	431	71
427	437	22
427	439	6
427	486	43
428	429	76
428	440	63
428	449	50
428	472	52
428	488	83
429	454	57
429	463	87
429	468	53
429	476	74
429	483	4
430	433	78
430	436	11
430	440	64
430	454	21
430	461	80
430	482	35
430	497	47
431	433	4
431	457	10
431	461	70
431	475	27
431	483	45
431	496	65
432	440	26
432	448	33
432	453	26
432	478	72
434	468	87
434	481	85
435	455	13
435	456	31
435	496	47
436	449	35
436	455	52
436	474	39
436	475	70
436	485	28
437	447	50
437	457	13
438	449	17
438	464	53
438	490	58
439	497	50
440	456	20
440	462	61
440	478	85
440	485	88
440	487	99
440	490	70
441	484	62
442	443	68
442	460	69
442	466	5
442	472	52
442	473	17
442	477	79
442	492	68
442	497	51
443	446	36
443	456	9
443	470	31
443	471	64
444	450	4
444	476	25
445	460	77
445	485	91
445	493	91
445	499	9
446	496	47
447	476	90
447	487	77
447	491	23
447	493	5
447	494	48
447	496	91
448	475	50
448	481	4
449	459	71
449	483	94
449	491	50
449	493	42
450	485	14
450	496	90
451	459	30
451	463	30
451	473	29
452	468	78
452	481	52
452	482	42
452	491	23
452	499	20
453	474	65
453	487	21
453	498	49
454	462	66
454	468	7
454	498	23
455	462	14
455	471	82
455	478	48
455	486	79
456	479	5
456	484	83
456	490	34
457	470	83
457	473	28
457	481	5
458	463	53
458	467	52
458	468	23
458	476	14
459	499	62
460	462	32
460	471	75
460	473	68
461	475	23
462	466	86
462	469	67
463	471	71
463	482	79
463	492	73
464	465	79
464	467	94
464	484	56
464	497	9
465	470	64
465	471	79
465	482	11
465	492	34
465	493	53
465	499	62
466	480	93
467	468	48
467	491	91
467	495	34
468	488	22
469	492	4
472	476	37
474	480	91
474	486	42
475	484	89
475	491	41
476	479	37
476	493	70
476	494	58
478	493	50
478	494	97
479	494	64
480	488	70
481	482	40
481	497	75
482	483	59
482	495	66
482	496	72
483	498	86
485	495	76
490	498	4